0.000 1.331 3.572 5.120 4.542 8.174 7.176 7.937 10.287 12.715 11.496 12.906 16.222 18.043 17.371 18.987 22.015 21.329 20.435 17.803 18.904 16.819 13.833 14.942 15.794 11.722 10.968 9.695 7.710 10.482 13.770 14.932 14.321 12.198 16.767 16.540 10.980 14.978 15.440 13.226 10.587 11.895 12.098 8.003 7.412 10.357 10.633 3.832 8.765 11.724 10.946 4.753 12.038 14.433 11.573 9.652 16.094 12.652 17.778 20.807 20.020 24.963 27.953 30.933 31.819 28.851 26.292 23.726 24.344 22.061 19.427 15.062 13.852 18.667 18.912 14.304 17.646 20.209 18.290 13.113 20.251 22.306 17.098 20.900 22.086 22.930 22.147 25.135 25.398 19.711 25.331 24.387 23.328 25.566 21.087 18.894 26.211 28.002 29.002 25.827 23.187 22.838 22.886 23.296 20.777 22.156 17.194 21.118 22.494 20.733 41.981 43.300 41.508 36.913 38.862 39.634 36.965 32.222 36.718 36.269 32.793 32.914 34.866 32.675 28.386 31.134 26.540 31.630 34.265 33.125 36.179 37.940 39.207 38.163 42.310 41.820 46.152 48.157 45.345 44.934 41.259 39.756 33.270 35.429 35.697 32.996 31.609 26.236 30.504 26.543 26.158 21.823 26.270 29.912 32.006 35.318 39.120 39.565 41.937 45.585 42.478 44.132 42.602 44.528 42.967 38.926 40.794 42.111 36.711 37.208 39.297 39.433 35.004 36.906 38.978 40.593 36.996 38.388 36.133 36.478 37.419 33.261 30.692 36.246 35.064 31.519 33.846 31.120 31.943 26.813 31.388 31.591 29.063 26.931 28.930 26.874 30.708 29.532 33.177 27.788 34.416 30.960 29.482 25.284 27.145 29.977 33.731 33.027 31.699 34.646 30.062 30.204 27.479 26.008 23.040 24.470 26.362 27.460 29.326 26.584 23.942 26.108 25.949 22.836 16.987 15.449 22.332 18.125 21.059 24.630 24.627 30.451 29.950 35.345 36.715
1.331 0.000 1.323 4.364 7.597 9.395 4.643 7.600 10.215 11.199 9.014 12.426 15.044 15.617 15.088 17.513 20.333 18.623 17.568 14.438 15.582 14.041 10.995 11.366 12.381 8.535 7.746 5.849 4.294 6.850 10.212 11.427 10.760 9.339 13.917 13.942 7.992 10.867 10.609 8.214 5.987 7.209 6.895 3.765 3.644 5.879 6.622 3.639 6.216 8.908 9.076 6.716 11.837 13.894 13.113 11.929 17.356 14.583 15.533 19.705 16.907 22.057 23.665 27.269 28.584 25.923 24.632 20.333 21.840 20.678 17.913 13.959 12.769 16.443 15.539 10.613 13.953 16.083 13.713 9.178 15.303 17.247 12.064 15.580 16.874 17.878 17.739 20.271 20.357 14.905 20.588 20.244 19.108 21.219 16.260 14.526 21.900 23.455 24.354 20.981 18.758 18.336 19.001 20.102 18.118 20.869 15.735 21.929 23.679 22.132 38.154 39.501 37.832 33.220 35.049 35.953 33.381 28.566 33.052 32.789 29.315 29.362 31.317 29.523 25.249 27.879 23.352 28.720 31.414 30.398 33.136 35.056 36.239 35.116 39.141 38.776 43.001 44.979 42.342 42.057 38.441 37.199 30.696 33.517 34.544 32.058 30.176 24.699 28.340 23.972 23.449 19.118 23.761 27.240 29.642 32.450 36.935 37.032 39.700 43.100 39.719 41.126 39.279 41.297 39.997 35.953 37.148 38.883 33.428 33.983 36.047 35.909 31.691 33.454 35.448 36.969 33.215 34.372 32.424 32.193 32.908 28.772 25.855 31.971 31.134 27.254 29.945 27.085 28.218 22.885 27.797 27.943 25.292 23.306 25.272 23.345 27.255 25.704 29.576 24.684 30.865 27.459 25.909 21.907 24.055 26.975 30.394 30.131 28.618 31.739 27.272 27.308 24.307 22.671 19.441 20.861 22.605 23.601 25.470 22.832 20.088 22.327 22.437 19.188 13.136 12.236 18.782 14.441 18.060 21.441 22.019 27.612 27.398 32.812 34.607
3.572 1.323 0.000 1.331 4.075 6.065 3.481 4.131 6.540 7.478 3.938 7.402 10.081 10.505 9.922 12.336 15.308 13.521 13.654 11.729 12.231 9.496 7.247 9.045 8.996 4.581 5.345 3.292 3.979 5.797 8.568 10.355 9.681 9.298 14.049 14.202 7.635 11.843 12.685 12.039 8.628 8.757 10.516 8.497 4.174 7.543 9.524 3.583 4.050 8.541 10.671 4.517 9.137 12.659 13.780 9.888 15.614 11.319 13.474 17.477 16.656 20.975 23.665 26.399 27.222 25.390 22.989 21.235 23.633 22.348 20.264 15.583 15.731 19.911 18.147 14.147 17.919 19.697 15.902 14.069 19.794 20.665 13.968 18.583 20.151 19.792 17.898 21.355 21.627 15.501 20.756 18.590 17.604 19.944 17.363 13.986 20.042 23.143 25.416 22.884 18.990 20.037 18.483 18.275 15.234 17.789 10.995 18.020 19.504 19.902 35.193 36.229 34.254 30.237 31.736 32.226 29.460 25.022 29.312 28.637 25.176 25.510 27.324 24.964 20.561 23.819 20.168 24.833 27.373 25.850 28.422 30.175 31.385 30.351 34.483 34.069 38.447 40.399 37.507 37.073 33.424 31.969 25.565 28.244 29.362 26.890 24.963 19.578 23.320 19.120 18.378 14.038 18.570 22.078 24.389 27.459 31.703 31.929 34.492 37.974 34.781 36.718 35.531 37.225 35.474 31.498 33.632 34.825 29.029 30.001 32.178 32.271 27.565 30.124 32.186 34.408 31.022 32.306 29.487 30.486 31.755 27.644 25.970 30.437 28.657 25.684 27.328 24.960 25.685 21.375 25.481 25.888 22.978 20.795 22.564 20.451 24.052 23.055 26.315 20.726 27.862 24.497 23.558 19.429 21.797 24.524 28.389 26.585 24.948 27.285 22.684 22.688 20.242 18.668 16.462 17.755 19.641 20.991 22.636 19.542 17.219 19.618 19.364 15.957 10.541 8.174 14.885 11.629 13.865 16.998 17.141 22.735 22.573 27.762 29.387
5.120 4.364 1.331 0.000 1.330 2.969 2.728 2.949 4.859 6.505 7.551 8.867 10.820 12.289 13.234 14.493 17.650 16.936 17.903 16.557 17.202 14.117 12.264 14.225 13.899 9.448 10.305 7.548 6.545 8.455 9.932 12.356 13.143 12.311 16.746 17.746 11.926 16.312 17.246 16.030 12.752 13.308 14.562 12.033 8.494 11.856 13.193 5.640 8.335 12.084 12.951 5.247 11.108 14.383 14.672 9.424 15.866 10.120 16.088 19.601 20.152 24.228 27.475 30.201 30.684 28.544 25.251 24.682 26.251 24.304 22.247 17.314 18.073 22.340 21.371 17.363 21.179 23.385 20.387 17.436 23.564 25.124 18.729 23.217 24.595 24.560 22.707 26.243 26.568 20.611 25.843 23.726 22.820 25.140 22.348 19.096 24.761 28.066 30.012 27.546 23.663 24.474 22.687 21.971 18.693 20.037 13.428 18.679 19.539 20.367 38.525 39.253 37.615 34.318 34.401 34.887 32.483 28.659 31.263 30.814 27.402 26.867 28.572 26.656 23.161 24.260 19.152 24.363 27.105 26.493 29.892 31.921 33.440 33.494 37.344 37.425 41.878 43.628 40.441 39.660 35.871 34.242 27.351 30.066 30.299 27.887 26.163 20.504 24.503 20.394 20.299 16.202 21.462 24.735 26.899 30.226 33.893 35.103 37.035 41.013 38.168 40.579 39.593 41.376 39.387 35.459 37.974 38.970 32.472 34.328 36.529 36.356 31.509 34.480 36.519 38.871 35.798 37.262 34.241 35.558 36.893 32.808 31.194 35.232 33.326 30.602 32.189 30.003 30.563 26.231 30.078 30.293 27.207 25.347 27.012 25.322 28.769 27.984 30.965 24.952 32.126 28.761 27.732 23.521 25.341 27.496 32.013 30.094 28.827 31.008 26.621 26.703 24.552 22.829 21.423 22.126 22.961 23.390 24.501 21.393 19.049 21.041 19.518 17.166 13.400 9.738 17.467 15.620 18.133 20.833 20.997 26.302 25.939 31.150 31.755
4.542 7.597 4.075 1.330 0.000 1.338 3.402 3.467 2.879 4.876 6.786 7.498 8.894 10.816 12.302 12.203 16.199 16.360 17.829 16.806 17.916 14.596 12.971 15.509 15.085 10.952 12.697 10.527 9.736 11.592 11.570 15.915 16.339 15.769 20.293 21.337 15.426 19.664 20.350 19.146 15.934 16.066 17.034 14.453 11.225 14.234 14.126 6.260 9.980 13.036 12.186 2.822 10.419 13.631 12.466 6.939 14.001 7.784 15.271 18.763 20.250 23.928 27.308 30.014 30.120 28.213 24.291 24.757 25.375 22.891 20.803 16.046 16.671 21.319 21.224 17.156 21.140 23.590 21.457 18.355 24.908 26.696 20.884 25.427 27.571 27.460 25.747 29.026 28.656 22.372 27.395 24.637 23.810 26.054 23.628 20.221 24.825 28.751 30.777 28.663 24.438 25.420 23.041 21.770 18.296 18.941 12.398 16.734 17.084 18.354 39.159 39.615 37.662 34.863 34.787 34.833 32.235 28.840 31.214 30.278 26.934 26.677 27.823 25.509 22.261 23.580 19.334 23.691 26.237 25.062 28.722 30.192 31.865 32.506 36.236 36.522 41.051 42.676 39.230 38.199 34.360 32.525 25.547 28.039 27.859 25.447 23.894 18.298 22.497 18.653 18.585 14.987 20.231 23.324 25.305 28.968 31.964 33.859 35.307 39.615 37.136 39.827 38.958 40.966 38.828 34.866 37.846 38.738 31.858 34.224 36.541 36.384 31.299 34.740 36.885 39.552 36.789 38.037 34.645 36.219 37.597 33.588 32.225 35.452 33.361 31.012 32.572 30.757 31.375 28.169 31.676 32.279 28.772 26.747 27.894 26.152 29.346 28.541 31.099 24.639 31.759 28.456 27.371 23.319 24.824 26.467 31.417 29.177 28.160 30.190 26.050 26.347 24.376 22.999 22.063 22.891 23.878 24.711 25.375 21.997 20.275 22.373 20.258 17.782 14.972 9.949 17.568 16.553 18.406 20.676 20.484 25.590 24.901 30.094 29.970
8.174 9.395 6.065 2.969 1.338 0.000 1.343 3.299 3.194 2.867 4.957 6.807 7.130 8.943 10.784 11.815 15.537 14.377 16.945 16.493 16.638 13.173 12.514 14.639 13.411 9.607 11.772 9.300 9.041 10.189 8.788 13.050 14.764 15.048 19.208 20.974 15.142 19.429 20.313 19.914 16.532 14.849 17.773 15.893 11.591 14.631 16.147 8.676 10.470 14.080 15.302 6.820 11.239 15.799 16.426 10.327 16.703 9.556 15.842 19.749 20.903 24.530 27.769 30.217 30.458 28.947 25.160 25.968 28.084 26.312 24.462 19.561 20.620 24.900 23.305 19.887 23.951 25.892 21.826 21.128 26.596 27.387 20.745 25.210 27.709 26.742 24.227 27.988 27.870 21.779 26.086 23.129 22.632 24.912 23.516 19.765 23.833 28.255 30.895 28.900 24.422 25.876 23.229 21.936 18.369 19.508 12.324 17.614 17.703 20.147 36.310 36.658 34.857 32.036 31.609 31.915 29.417 26.118 27.812 27.395 24.045 23.087 24.595 22.765 19.365 19.901 14.084 19.023 21.959 22.149 25.856 27.715 29.363 30.114 33.693 34.176 38.627 40.196 36.854 35.843 32.046 30.471 23.312 26.259 26.254 24.132 22.247 16.384 20.209 16.136 16.341 12.641 18.133 20.779 23.632 26.665 30.384 32.036 33.836 37.839 35.054 37.956 37.425 38.905 36.651 32.928 35.715 36.439 29.321 32.092 34.280 33.844 28.859 32.302 34.384 37.052 34.602 36.032 32.620 34.602 36.213 32.278 31.398 34.471 32.081 29.973 30.849 29.021 29.313 26.322 29.392 29.886 26.232 24.467 25.488 24.156 27.220 26.818 29.310 23.257 30.674 27.495 26.921 22.917 24.829 26.476 31.314 28.495 27.148 28.535 24.402 24.292 22.702 20.658 20.417 20.509 21.046 21.083 21.573 18.592 16.335 17.384 15.466 14.042 12.174 7.069 14.701 14.116 16.104 18.131 18.878 23.478 23.471 28.323 28.593
7.176 4.643 3.481 2.728 3.402 1.343 0.000 1.340 3.312 3.341 2.780 4.997 6.928 7.666 8.738 10.502 13.843 12.035 13.969 13.143 13.264 9.885 8.977 11.139 10.042 6.139 8.248 4.993 2.577 4.193 5.824 8.239 8.977 8.751 13.033 14.761 10.079 14.444 16.303 15.667 12.255 11.488 14.659 12.576 8.080 11.453 13.308 7.405 7.463 11.290 13.427 7.746 9.323 13.982 15.538 10.507 15.830 9.595 13.824 17.930 18.241 22.084 25.165 27.532 28.004 26.573 23.359 23.306 25.823 24.393 22.710 17.902 19.354 22.958 21.002 17.383 21.273 22.914 18.623 18.633 23.481 23.999 17.246 21.683 23.935 23.199 20.237 24.483 24.298 18.212 22.623 19.785 19.188 21.494 20.071 16.283 20.812 24.930 27.670 25.595 21.157 22.681 20.221 19.255 15.804 17.712 10.270 16.892 17.580 19.847 34.304 34.939 32.980 29.842 30.211 30.426 27.761 23.986 27.081 26.273 22.842 22.856 24.373 22.052 18.231 20.518 16.654 21.192 23.754 22.384 25.479 27.170 28.596 28.482 32.343 32.417 36.861 38.607 35.453 34.737 30.971 29.469 22.629 25.610 26.169 23.903 21.902 16.198 19.973 15.758 15.529 11.281 16.561 19.853 22.264 25.265 29.407 30.304 32.536 36.255 33.236 35.760 35.006 36.526 34.457 30.622 33.173 34.085 27.462 29.528 31.735 31.530 26.591 29.769 31.870 34.470 31.648 32.988 29.717 31.411 32.941 28.953 27.937 31.369 29.115 26.765 27.808 25.830 26.283 23.095 26.443 26.291 23.081 21.587 22.744 21.066 24.299 23.687 26.421 20.522 27.954 24.717 24.119 20.093 22.326 24.408 28.843 26.221 24.657 26.306 21.946 21.843 19.944 18.056 17.256 17.747 18.982 19.865 20.941 17.577 15.912 17.988 16.648 13.660 9.664 5.459 12.945 11.439 13.437 15.922 16.343 21.362 21.385 26.369 27.350
7.937 7.600 4.131 2.949 3.467 3.299 1.340 0.000 1.323 3.252 3.272 2.932 5.102 6.918 7.714 8.621 11.599 11.934 12.871 10.420 13.430 10.141 7.483 10.942 11.466 7.504 8.681 7.597 8.540 9.614 8.983 13.704 13.918 14.096 18.709 19.541 13.025 17.138 16.938 16.225 13.396 12.073 12.602 10.823 7.904 8.347 8.937 4.592 4.323 6.430 6.521 3.432 3.392 5.953 7.057 2.836 7.212 3.460 7.513 10.795 12.557 16.085 19.569 22.537 22.376 20.188 16.428 17.082 18.416 16.414 14.958 10.289 12.883 16.107 13.751 11.320 15.859 17.806 14.671 14.473 19.487 20.761 15.198 19.715 23.090 22.831 22.233 24.764 23.566 17.182 22.998 20.259 19.135 21.163 17.471 14.570 19.649 22.686 23.882 21.981 17.919 18.230 16.001 14.586 11.465 11.584 6.856 10.501 12.425 11.717 35.851 36.333 34.125 31.270 31.698 31.594 28.769 25.284 28.346 27.153 23.812 24.107 25.170 22.512 18.656 21.356 18.303 22.157 24.523 22.665 25.655 27.055 28.542 28.484 32.497 32.380 36.961 38.718 35.303 34.408 30.634 28.713 22.131 24.279 24.788 22.172 20.558 15.233 19.557 15.778 15.155 11.287 16.038 19.421 21.074 25.025 28.012 29.428 31.071 35.252 32.777 35.192 34.127 36.398 34.389 30.248 33.266 34.386 27.901 29.749 32.199 32.408 27.179 30.706 32.972 35.740 32.837 33.771 30.215 31.629 32.784 28.735 26.664 29.973 28.451 25.686 27.931 26.331 27.252 24.571 28.261 29.076 25.683 23.333 24.322 22.054 25.154 23.956 26.425 19.747 26.531 23.098 21.025 17.062 17.772 19.580 24.382 23.351 22.973 25.468 21.279 21.838 19.621 18.954 17.544 19.317 20.956 22.225 22.960 19.482 18.052 20.239 18.723 15.771 12.233 7.620 14.571 13.487 14.265 16.556 15.713 21.185 20.176 25.532 25.762
10.287 10.215 6.540 4.859 2.879 3.194 3.312 1.323 0.000 1.335 3.319 3.243 2.998 5.113 6.960 6.965 10.912 11.260 13.658 13.958 14.589 11.176 10.432 12.992 12.774 8.745 11.172 10.120 11.212 12.185 9.554 15.980 16.330 16.745 21.294 22.173 15.527 19.502 19.787 19.443 16.266 14.685 16.436 14.758 10.956 12.863 14.080 8.143 8.471 11.572 12.631 5.880 8.208 12.299 12.396 6.265 11.854 4.074 12.068 15.986 17.830 20.917 24.160 26.475 26.444 25.278 21.143 23.095 24.749 22.582 21.196 16.570 18.751 22.398 20.065 17.185 21.439 23.358 19.459 19.439 24.489 25.409 19.160 23.575 26.775 25.762 24.083 27.280 26.612 20.375 24.448 21.226 20.660 22.732 21.566 17.879 20.483 25.484 28.175 26.631 21.853 23.469 20.208 18.338 14.670 15.359 8.249 13.036 13.128 14.939 35.009 35.172 32.977 30.410 30.430 30.083 27.362 24.481 26.570 25.244 22.002 22.086 22.827 20.196 16.917 18.761 15.909 19.381 21.687 19.879 23.232 24.540 26.188 26.873 30.630 30.891 35.481 37.064 33.463 32.347 28.513 26.559 19.699 22.055 22.092 19.677 18.001 12.465 16.817 13.162 12.772 9.479 14.465 17.688 19.341 23.189 25.978 27.988 29.359 33.679 31.362 34.223 33.528 35.617 33.379 29.403 32.566 33.585 26.565 29.234 31.676 31.670 26.329 30.270 32.561 35.487 33.139 34.094 30.241 32.168 33.660 29.838 29.107 31.157 28.714 26.963 28.188 26.909 27.612 25.624 28.739 29.785 26.078 23.813 24.466 22.546 25.293 24.259 26.423 19.697 26.830 23.703 22.811 19.224 20.730 22.049 27.145 24.108 23.044 24.626 20.735 21.193 19.488 18.636 18.204 19.479 20.433 21.640 21.773 18.249 17.354 19.469 17.002 14.039 12.804 7.190 13.565 13.927 13.701 15.808 15.341 20.121 19.291 24.343 24.043
12.715 11.199 7.478 6.505 4.876 2.867 3.341 3.252 1.335 0.000 1.334 3.270 3.367 3.029 4.981 6.954 10.455 8.426 11.940 12.409 12.176 8.678 9.083 11.050 10.034 5.810 9.483 8.424 8.449 8.317 5.327 10.664 12.078 13.550 17.411 19.321 14.362 18.496 18.979 19.472 16.352 12.551 16.703 15.870 11.452 13.238 15.188 10.258 9.109 12.612 14.778 9.224 9.125 14.463 16.005 10.165 15.062 7.941 12.677 16.980 17.842 20.992 23.954 25.960 26.161 25.454 21.893 23.271 26.223 24.964 23.641 18.968 21.069 24.316 21.269 18.687 22.723 23.919 18.825 21.047 24.934 24.958 18.341 22.392 25.801 24.052 21.371 25.046 24.465 18.614 21.829 18.479 18.226 20.340 20.322 16.246 18.545 23.828 26.972 25.711 20.743 22.904 19.511 17.896 14.308 15.810 8.445 15.041 15.133 18.291 31.594 31.849 29.705 27.060 27.115 26.909 24.185 21.088 23.495 22.319 18.985 19.165 20.234 17.672 14.029 16.444 12.126 17.118 19.732 17.920 20.937 22.495 23.977 24.235 28.017 28.250 32.765 34.402 31.033 30.148 26.345 24.746 17.847 20.874 21.408 19.268 17.130 11.400 15.194 11.099 10.790 6.743 12.099 15.301 17.730 20.788 24.743 25.975 28.037 31.831 29.000 31.863 31.398 32.920 30.661 26.873 29.887 30.629 23.594 26.297 28.611 28.424 23.202 26.990 29.227 32.109 29.862 30.975 27.198 29.391 31.082 27.304 26.983 29.147 26.479 24.819 25.397 23.992 24.427 22.542 25.378 26.406 22.650 20.469 21.045 19.394 22.101 21.444 23.655 17.494 24.985 21.960 21.786 18.090 20.168 21.836 26.493 23.021 21.446 22.463 18.404 18.369 16.913 15.344 15.352 16.085 16.945 17.914 18.435 14.911 13.309 15.210 13.142 11.015 8.589 3.982 10.119 10.621 10.479 12.578 12.972 17.438 17.481 22.228 22.874
11.496 9.014 3.938 7.551 6.786 4.957 2.780 3.272 3.319 1.334 0.000 1.337 3.331 3.170 2.883 4.632 8.061 7.017 8.786 8.100 8.858 5.758 4.163 6.296 6.615 3.443 4.486 5.828 8.474 9.765 6.937 12.919 11.737 13.208 17.607 17.367 10.193 13.463 13.336 13.678 10.796 8.224 10.593 10.069 6.022 7.180 9.182 7.136 3.928 7.286 9.760 8.496 5.136 9.985 12.254 9.185 12.341 7.548 8.767 13.020 12.796 16.570 19.561 21.883 22.414 21.090 18.276 18.025 21.053 20.077 18.575 14.305 16.658 18.995 16.166 13.371 17.275 18.327 13.439 15.358 19.002 19.144 12.440 16.779 19.971 18.714 17.342 20.214 19.573 13.350 18.187 15.565 14.603 16.877 15.058 11.278 15.746 19.716 22.293 20.505 15.828 17.531 14.656 13.615 10.214 12.711 5.425 12.857 13.807 15.964 31.542 31.937 29.563 26.935 27.445 27.176 24.227 20.866 24.203 22.821 19.528 20.260 21.251 18.391 14.101 17.936 15.397 19.358 21.506 19.150 21.472 22.896 24.194 23.645 27.781 27.487 32.069 33.878 30.532 29.773 26.044 24.253 17.933 20.215 21.371 18.871 16.942 11.840 15.840 12.105 11.027 6.939 11.201 14.684 16.582 20.292 23.819 24.661 26.736 30.574 27.889 30.295 29.384 31.464 29.435 25.320 28.344 29.478 23.074 24.884 27.378 27.695 22.358 26.078 28.427 31.327 28.383 29.370 25.611 27.285 28.559 24.494 23.100 26.319 24.013 21.856 23.401 21.869 22.835 19.580 23.712 24.862 21.731 18.865 20.150 17.591 20.740 19.457 21.736 15.116 22.419 19.248 18.679 14.555 16.754 18.972 23.309 20.386 18.895 20.645 16.437 16.918 14.855 14.413 13.136 15.276 17.144 18.934 19.429 15.961 14.957 17.127 15.551 12.544 10.026 4.399 10.851 9.877 9.636 11.854 10.873 16.235 15.508 20.708 21.547
12.906 12.426 7.402 8.867 7.498 6.807 4.997 2.932 3.243 3.270 1.337 0.000 1.341 3.231 3.381 2.917 5.932 7.412 9.634 10.320 11.526 8.316 7.088 9.914 10.366 6.392 9.336 10.500 12.699 13.199 9.487 16.161 15.751 17.362 21.708 22.125 15.208 18.596 18.458 18.808 15.938 12.804 15.188 14.122 10.904 10.725 11.957 8.856 6.230 8.821 9.866 7.099 3.574 8.697 10.439 5.500 9.270 3.745 7.937 11.758 13.550 16.801 20.011 22.056 21.909 21.124 17.159 18.687 20.855 19.254 18.097 13.604 16.413 19.236 15.943 14.040 18.464 20.098 15.678 17.693 21.814 22.519 16.788 20.815 24.482 23.234 21.663 24.631 23.488 17.401 21.449 18.263 17.522 19.413 18.425 14.669 16.141 21.601 24.463 22.956 18.327 19.588 16.403 14.174 10.531 11.124 4.433 10.271 10.618 13.236 32.981 33.071 30.537 28.214 28.638 27.978 25.005 22.305 24.960 23.202 20.112 20.921 21.311 18.223 14.400 17.890 16.067 19.315 21.220 18.505 20.913 21.981 23.426 23.404 27.480 27.246 31.924 33.625 29.946 28.885 25.058 22.912 16.736 18.232 19.060 16.293 14.745 10.020 14.477 11.511 10.144 7.246 10.595 14.035 15.075 19.403 21.890 23.649 24.940 29.329 27.289 29.848 28.867 31.536 29.443 25.177 28.453 29.932 23.422 25.505 28.175 28.715 23.150 27.343 29.805 32.887 30.477 30.924 26.775 28.485 29.817 26.131 25.542 26.712 24.275 22.797 24.406 23.624 24.795 23.147 26.498 27.937 24.421 21.748 22.320 19.941 22.261 20.415 22.516 15.255 22.071 18.984 17.960 14.708 15.999 17.283 22.355 19.115 18.162 20.088 16.328 17.414 15.425 16.029 15.113 17.523 19.215 20.890 21.185 17.681 16.952 19.060 17.370 14.100 12.345 6.557 12.710 12.338 11.122 13.100 11.125 16.302 14.575 19.925 19.607
16.222 15.044 10.081 10.820 8.894 7.130 6.928 5.102 2.998 3.367 3.331 1.341 0.000 1.349 3.394 3.538 6.814 6.464 10.751 12.409 12.255 8.822 8.941 11.890 11.852 6.661 11.660 12.634 15.016 15.103 10.250 17.065 17.528 19.444 23.612 24.351 17.682 21.038 20.964 21.518 18.660 14.859 18.053 17.438 13.701 13.721 16.006 12.504 9.618 12.697 14.544 11.441 7.653 13.071 15.049 9.896 12.640 6.285 10.453 14.539 16.341 19.055 22.035 23.701 23.474 23.392 19.297 21.781 24.402 23.355 22.468 18.181 21.118 23.610 19.624 18.255 22.492 23.573 18.294 21.735 25.169 25.116 19.125 22.925 26.754 25.245 22.922 26.166 24.914 19.405 21.813 18.415 18.247 19.993 20.385 16.548 16.620 22.809 25.946 25.264 20.200 22.109 18.439 16.211 12.637 13.218 6.360 11.846 11.704 15.212 30.773 30.609 28.141 25.902 26.082 25.269 22.415 20.237 22.035 20.224 17.195 17.847 18.059 15.010 11.621 14.546 12.460 15.451 17.720 15.124 17.729 18.859 20.394 20.946 24.762 24.934 29.576 31.127 27.393 26.237 22.428 20.382 13.762 16.019 16.627 14.289 12.286 6.988 11.354 8.138 6.958 4.535 8.478 11.593 13.148 17.131 19.900 21.822 23.280 27.475 25.252 28.299 27.865 29.944 27.600 23.652 26.966 28.137 21.051 24.039 26.593 26.776 21.210 25.693 28.119 31.297 29.486 30.081 25.756 28.111 29.668 26.246 26.366 26.968 24.086 23.164 23.812 23.231 23.988 23.407 25.071 27.447 23.739 21.315 20.905 19.351 21.057 19.530 21.715 14.940 21.959 19.175 18.761 15.974 17.306 18.455 23.418 19.305 18.064 18.848 15.348 15.956 14.750 14.652 14.944 16.719 17.633 19.235 18.769 15.317 15.432 17.316 14.520 11.694 11.706 6.609 9.916 12.427 9.648 11.228 10.462 14.459 13.594 18.319 18.041
18.043 15.617 10.505 12.289 10.816 8.943 7.666 6.918 5.113 3.029 3.170 3.231 1.349 0.000 1.321 3.582 6.666 3.053 7.877 9.883 8.975 5.325 7.062 9.564 8.786 3.569 9.638 9.323 13.484 12.557 7.241 13.970 14.209 17.115 20.714 21.627 15.437 18.707 18.968 20.252 17.493 11.880 17.340 17.579 13.351 12.283 15.989 13.841 10.466 13.359 15.773 13.658 9.333 14.776 17.024 12.440 14.734 8.996 10.919 15.146 15.675 18.122 20.564 21.942 22.103 22.398 19.289 21.149 24.514 24.360 23.437 19.739 22.711 24.010 19.991 18.910 22.642 22.744 16.781 21.654 24.296 23.234 17.306 20.454 24.375 22.300 19.682 22.698 21.613 16.491 18.071 14.629 14.648 16.371 17.864 13.678 13.480 19.744 23.062 22.841 17.745 20.511 16.517 14.600 11.375 12.987 6.791 13.162 13.501 17.242 27.802 27.916 25.376 23.033 23.548 22.946 19.922 17.131 20.155 18.467 15.321 16.401 17.163 14.083 9.581 14.204 11.877 15.726 17.888 15.266 16.992 18.384 19.540 18.835 22.980 22.705 27.308 29.077 25.692 24.958 21.254 19.580 13.441 16.019 17.693 15.515 13.179 8.568 11.874 8.390 6.613 3.110 6.525 9.860 12.152 15.454 19.363 20.054 22.476 25.996 23.159 25.831 25.317 27.072 24.881 20.898 24.019 25.106 18.459 20.754 23.283 23.590 18.076 22.269 24.706 27.819 25.740 26.331 22.118 24.414 26.061 22.585 22.898 23.825 20.877 19.811 20.172 19.421 20.188 19.760 21.534 23.927 20.150 17.778 17.351 15.522 17.470 15.997 18.182 11.773 19.231 16.428 16.759 13.668 15.812 17.548 21.779 17.574 15.703 16.365 12.384 12.674 11.270 11.027 11.117 13.197 14.213 15.853 15.855 12.343 12.154 14.043 12.315 9.126 8.205 3.290 7.382 8.781 6.072 7.936 7.136 11.620 11.461 16.188 17.461
17.371 15.088 9.922 13.234 12.302 10.784 8.738 7.714 6.960 4.981 2.883 3.381 3.394 1.321 0.000 1.319 3.325 3.005 5.183 6.815 7.053 4.233 4.004 6.759 7.858 4.220 8.485 10.835 13.969 14.465 9.913 16.421 15.376 18.150 22.050 21.835 14.959 17.511 16.850 18.019 15.720 11.228 14.398 14.811 11.656 8.882 12.753 12.439 7.529 10.050 12.481 11.801 6.618 11.828 14.482 11.887 12.355 8.601 7.293 10.998 11.726 13.806 16.389 17.997 18.079 18.092 15.044 17.141 20.436 20.775 20.090 16.534 19.500 20.498 16.234 15.442 19.090 19.195 13.330 18.137 20.803 20.017 14.191 17.544 21.572 20.054 18.726 21.085 19.532 13.969 17.011 13.869 13.169 15.028 14.946 11.004 11.255 17.066 20.085 19.680 14.519 16.677 12.743 10.450 7.134 8.798 3.411 9.697 11.944 14.845 29.673 29.975 27.359 24.968 25.624 25.111 22.082 18.976 22.304 20.673 17.498 18.545 19.272 16.216 11.799 16.289 14.648 18.096 19.994 17.227 19.109 20.430 21.647 20.480 24.958 24.009 28.669 30.597 27.134 26.411 22.226 20.691 15.370 16.475 18.502 15.736 13.805 9.796 13.623 10.211 8.652 4.964 7.238 11.568 12.346 16.608 19.580 20.126 21.975 25.939 23.755 25.727 24.376 27.376 25.557 21.027 24.228 26.058 20.372 21.416 24.235 25.151 19.653 23.601 26.075 29.110 26.508 26.802 22.574 23.925 25.109 21.504 21.044 21.784 19.388 17.949 19.885 19.394 20.789 19.514 22.620 24.849 21.590 18.387 18.619 15.849 18.305 16.018 18.027 10.467 17.224 14.086 13.415 10.113 11.899 13.687 18.136 14.745 13.452 15.851 11.893 13.494 10.946 12.317 10.860 14.195 16.015 18.302 18.294 14.926 14.446 16.809 15.334 12.189 11.075 6.301 9.925 10.495 7.678 9.647 6.766 12.762 10.426 16.110 16.847
18.987 17.513 12.336 14.493 12.203 11.815 10.502 8.621 6.965 6.954 4.632 2.917 3.538 3.582 1.319 0.000 1.334 3.240 6.714 8.934 9.767 6.527 6.565 10.024 11.162 6.742 11.804 13.722 16.902 17.193 12.602 19.124 18.443 21.168 25.098 25.129 18.289 20.911 20.081 21.284 18.969 14.579 17.426 17.655 14.454 11.651 15.511 14.519 9.825 11.895 14.145 12.173 7.372 11.819 14.144 9.819 9.795 5.618 6.983 10.782 12.608 14.186 16.853 18.422 18.002 18.219 14.396 18.000 20.701 20.744 20.316 17.013 20.278 21.432 16.530 16.860 20.790 21.049 15.022 20.472 23.174 22.365 17.118 20.281 24.520 23.121 21.874 23.862 22.181 16.904 19.410 16.265 15.346 17.253 17.354 13.687 12.792 18.851 21.711 21.513 16.411 18.011 14.210 11.325 8.128 8.125 3.600 7.820 7.195 11.181 30.771 30.619 27.775 25.853 26.586 25.477 22.366 20.319 22.996 20.754 17.771 19.552 19.381 15.954 12.042 16.841 16.145 18.263 19.761 16.738 18.017 18.719 19.924 19.376 23.619 22.994 27.713 29.443 25.638 24.566 20.447 18.451 13.260 13.703 15.317 12.419 10.900 7.306 11.506 10.243 8.006 6.643 6.364 10.089 10.170 14.677 17.035 18.663 19.804 24.248 22.579 25.022 23.967 27.012 25.081 20.637 24.086 26.003 19.941 21.751 24.618 25.639 19.917 24.512 27.110 30.380 27.981 28.190 23.636 25.402 26.587 23.336 23.082 22.919 20.286 19.507 21.137 21.166 22.661 22.264 24.646 27.225 23.933 20.856 20.620 18.064 19.607 16.943 18.819 11.367 17.558 14.825 13.602 11.177 11.912 12.975 18.038 14.344 13.495 15.257 11.998 13.815 11.971 14.242 13.075 16.470 18.181 20.579 20.485 16.794 16.895 19.275 17.650 14.500 13.736 9.006 12.218 12.994 9.594 10.905 7.699 12.413 9.586 15.019 14.500
22.015 20.333 15.308 17.650 16.199 15.537 13.843 11.599 10.912 10.455 8.061 5.932 6.814 6.666 3.325 1.334 0.000 1.334 4.539 7.576 9.394 7.402 7.946 11.674 12.878 9.636 14.104 16.810 19.995 20.477 16.022 22.341 21.385 24.261 28.133 27.816 20.904 23.125 20.823 23.152 21.191 17.053 18.957 19.468 16.450 12.600 16.729 16.150 11.828 12.077 14.953 13.446 8.742 12.370 14.880 12.876 10.794 7.098 6.838 9.986 11.883 12.544 14.523 15.410 15.017 16.145 12.903 16.455 19.713 20.316 20.155 17.389 20.512 21.277 15.990 17.195 20.898 20.528 14.123 20.676 23.148 21.299 17.521 19.807 24.376 23.113 22.025 23.042 21.091 16.599 17.955 15.279 13.608 15.472 15.693 12.216 9.676 16.149 18.947 19.581 14.675 16.296 12.501 9.513 6.298 6.866 3.189 7.254 9.366 12.748 30.202 30.126 27.035 25.395 26.612 25.363 22.118 20.131 23.635 21.201 17.461 20.775 20.669 16.527 12.189 18.955 18.774 21.240 22.133 18.563 18.714 19.160 19.938 18.129 22.665 21.254 25.906 27.818 24.155 23.329 18.820 17.410 13.882 12.993 15.872 12.766 10.871 10.146 13.304 12.467 10.187 8.983 5.786 9.872 8.787 13.162 15.459 16.132 17.362 21.632 20.258 21.975 20.338 23.824 22.584 17.827 21.260 23.462 18.527 19.432 22.488 24.229 18.595 23.047 25.719 28.977 26.106 25.978 21.341 22.555 23.305 20.401 20.123 19.085 16.616 16.155 18.421 19.010 21.091 22.267 23.718 27.058 24.196 21.289 20.122 17.349 17.701 14.483 15.706 8.278 13.409 10.810 9.713 8.275 8.721 9.852 14.362 10.090 9.338 12.128 9.164 12.064 9.694 13.496 12.401 17.243 19.024 21.826 21.851 17.290 18.843 21.546 20.163 17.235 16.688 12.369 14.182 14.553 10.075 10.679 6.245 11.015 6.418 12.354 12.329
21.329 18.623 13.521 16.936 16.360 14.377 12.035 11.934 11.260 8.426 7.017 7.412 6.464 3.053 3.005 3.240 1.334 0.000 1.336 3.898 5.914 3.582 5.492 8.468 6.577 3.014 10.455 10.730 15.794 14.893 10.397 15.709 15.120 18.940 22.040 22.242 16.096 18.478 16.809 19.886 18.171 11.730 15.755 16.920 14.251 8.997 14.022 14.558 10.472 9.296 13.121 13.178 7.766 11.472 14.557 14.184 12.441 8.650 6.504 8.573 8.980 10.629 12.886 14.344 14.612 14.833 12.671 14.116 17.713 18.770 18.262 16.014 18.693 18.637 13.961 14.797 17.889 17.048 10.598 16.978 19.438 17.701 13.729 16.120 20.698 19.124 16.426 18.623 17.633 13.102 13.521 10.046 10.347 12.065 12.423 8.812 7.522 13.471 16.461 16.353 11.264 13.295 9.338 6.993 4.252 6.419 2.794 9.069 11.954 14.167 23.735 24.154 21.447 18.915 20.220 19.785 16.555 13.131 17.903 16.316 12.494 14.800 16.212 12.946 7.439 14.120 13.415 16.820 18.400 15.153 16.174 17.469 18.163 15.715 20.223 19.229 23.682 25.730 22.881 22.634 18.643 17.472 12.468 13.848 16.621 14.135 11.435 9.208 11.823 9.251 6.797 3.336 3.726 7.782 9.266 13.131 16.650 16.687 19.040 22.603 19.811 21.900 20.981 22.591 20.638 16.679 19.445 20.488 14.731 15.851 18.365 18.973 13.555 17.389 19.876 22.956 20.651 21.079 16.878 19.230 20.984 17.668 17.676 17.925 15.762 14.258 14.978 14.239 15.057 15.364 16.803 19.731 16.469 13.630 12.765 10.619 12.271 10.874 13.055 7.289 13.516 10.244 9.672 6.297 8.508 10.822 14.584 11.392 9.916 12.481 8.308 7.940 6.413 6.389 6.383 9.310 10.973 13.783 14.294 10.093 10.987 13.967 13.242 9.864 9.043 5.290 7.118 6.582 2.632 3.831 3.005 7.760 7.216 12.629 14.118
20.435 17.568 13.654 17.903 17.829 16.945 13.969 12.871 13.658 11.940 8.786 9.634 10.751 7.877 5.183 6.714 4.539 1.336 0.000 1.321 2.678 2.944 3.964 5.917 7.401 7.679 9.636 13.188 16.682 17.445 14.516 19.089 16.979 20.296 23.463 22.495 15.836 17.211 13.399 17.462 16.140 11.760 13.740 15.308 12.828 7.080 12.475 13.864 9.894 8.734 12.877 13.894 8.300 12.035 15.454 15.455 14.520 10.814 8.095 9.431 8.704 9.751 10.754 12.597 13.461 14.377 13.434 13.491 17.682 18.993 18.161 16.199 18.342 17.757 14.031 14.206 16.735 15.338 8.876 15.122 17.424 14.802 11.237 12.184 16.715 15.056 13.815 14.640 12.798 8.542 9.835 7.418 5.328 7.291 8.068 4.772 3.847 9.697 13.028 13.537 8.865 11.807 7.909 6.426 5.045 7.334 5.010 11.152 14.485 16.062 26.099 26.778 23.759 20.688 23.664 23.113 19.769 16.319 21.982 20.422 15.662 19.356 20.953 16.942 11.524 19.824 20.281 23.404 24.008 20.510 20.194 21.253 21.196 17.394 22.270 20.063 24.372 26.710 24.050 24.187 19.802 19.742 16.735 16.759 19.972 17.333 14.785 14.130 16.837 15.108 12.282 9.609 7.215 11.316 11.923 15.127 18.336 16.708 20.182 22.560 19.611 20.254 18.365 21.251 20.096 15.389 18.003 19.922 16.064 15.152 18.042 20.057 14.954 18.062 20.723 23.636 20.248 19.721 15.607 16.249 17.300 13.663 13.061 14.344 11.875 10.287 12.389 12.236 14.663 14.835 17.675 20.871 18.771 15.187 14.762 10.791 11.690 8.731 10.686 3.597 10.676 7.566 7.066 4.019 7.298 9.678 13.029 10.446 8.204 10.643 6.469 8.405 4.479 8.682 4.942 12.305 14.581 17.872 19.239 14.535 15.836 19.517 19.773 16.053 14.280 11.195 12.722 10.746 5.924 7.585 3.716 9.317 6.853 12.350 14.778
17.803 14.438 11.729 16.557 16.806 16.493 13.143 10.420 13.958 12.409 8.100 10.320 12.409 9.883 6.815 8.934 7.576 3.898 1.321 0.000 1.322 3.079 3.100 2.920 5.114 6.881 6.583 10.588 14.148 15.514 13.774 17.291 14.709 17.656 20.798 19.327 12.741 13.775 11.011 13.736 12.583 8.922 10.091 11.810 9.747 3.715 8.717 9.997 7.274 3.934 8.199 9.831 5.172 7.635 11.143 12.479 11.668 9.128 4.231 7.251 4.119 7.802 9.473 12.052 13.316 11.986 11.901 8.584 13.171 14.079 12.949 11.162 12.919 12.166 8.900 9.149 11.272 10.026 3.685 10.119 12.512 11.013 7.974 10.586 14.964 13.751 13.249 14.920 12.815 7.358 11.248 8.974 6.788 8.862 7.038 3.755 6.505 10.278 11.779 10.516 5.665 7.530 4.021 4.734 3.755 6.882 5.858 10.895 14.390 13.533 29.616 30.688 27.956 23.882 27.236 27.180 23.912 19.590 25.569 24.420 19.773 22.777 24.540 20.844 15.385 22.725 21.777 25.562 27.045 23.589 23.918 24.985 25.450 22.055 26.901 24.857 29.212 31.523 28.717 28.650 24.190 23.703 20.112 20.382 23.542 20.786 18.355 17.049 19.973 17.744 15.057 12.063 10.501 14.977 15.529 19.127 22.323 21.038 23.694 26.759 24.281 24.802 22.460 25.739 24.905 20.120 22.437 24.642 20.873 19.855 22.673 24.386 19.557 21.770 24.468 26.981 22.969 22.821 19.530 19.435 20.155 16.174 14.558 16.794 15.332 12.623 16.294 14.885 17.206 15.411 19.528 22.364 20.011 16.000 16.600 12.633 15.323 12.515 14.972 8.231 13.905 10.406 9.182 5.222 8.510 11.071 14.611 12.955 11.260 15.107 11.187 13.204 9.257 12.291 6.601 13.078 15.725 18.778 20.790 17.473 15.951 19.926 20.544 16.564 13.943 11.870 13.712 10.640 6.551 11.196 7.401 13.880 10.621 16.752 18.817
18.904 15.582 12.231 17.202 17.916 16.638 13.264 13.430 14.589 12.176 8.858 11.526 12.255 8.975 7.053 9.767 9.394 5.914 2.678 1.322 0.000 1.335 3.432 3.294 2.996 5.280 7.036 9.518 13.362 13.841 12.094 15.131 12.546 16.198 18.682 17.825 11.561 12.806 10.421 13.931 12.740 7.272 10.718 12.707 11.025 5.620 11.121 13.231 10.038 8.867 12.752 14.454 9.413 12.953 16.408 16.938 16.495 13.319 9.473 11.677 9.675 11.676 11.716 15.034 16.334 16.452 16.307 14.008 18.737 19.798 18.562 16.461 17.934 17.421 14.125 13.962 16.000 14.303 7.969 13.660 15.814 13.392 8.748 10.495 14.735 12.936 11.763 13.282 11.588 6.569 9.213 6.657 5.214 7.054 7.889 3.627 6.265 10.237 13.493 12.949 8.091 11.286 8.190 8.153 7.248 10.333 8.161 14.564 18.086 18.348 26.555 27.781 25.266 20.847 24.181 24.449 21.290 16.511 22.600 21.947 17.237 19.994 21.940 19.158 13.545 20.364 19.658 23.547 25.218 21.990 22.570 24.097 24.166 20.959 25.663 23.936 28.152 30.473 28.039 28.241 24.172 23.897 19.682 21.409 24.538 22.218 19.277 17.002 19.162 16.458 13.908 10.346 10.446 14.378 16.388 19.000 22.894 21.508 24.831 27.365 24.143 24.675 22.691 25.044 23.986 19.621 21.195 23.364 19.282 18.200 20.704 21.991 17.343 19.392 21.857 24.342 20.424 20.595 17.392 17.506 18.488 14.455 13.370 16.651 15.025 12.004 14.349 12.683 14.688 12.591 16.499 19.112 16.588 12.650 13.331 9.679 12.993 10.505 13.511 8.235 14.424 11.090 10.457 7.092 10.406 13.068 16.475 14.625 12.331 15.341 11.183 11.732 7.873 9.257 4.231 9.600 12.259 15.327 17.399 14.441 12.678 16.802 17.852 13.830 11.357 9.294 10.690 7.728 3.404 8.530 6.925 12.774 11.518 17.142 19.560
16.819 14.041 9.496 14.117 14.596 13.173 9.885 10.141 11.176 8.678 5.758 8.316 8.822 5.325 4.233 6.527 7.402 3.582 2.944 3.079 1.335 0.000 1.332 3.173 3.180 3.160 5.225 7.714 11.463 11.822 9.213 13.528 11.611 14.934 18.412 17.788 11.112 13.365 12.420 14.586 12.525 6.911 11.366 12.701 9.737 6.568 11.048 12.270 8.012 9.997 12.702 13.623 8.336 13.514 16.255 14.924 16.094 12.737 10.455 13.117 11.656 13.951 14.411 17.373 18.434 18.657 17.784 16.401 20.920 21.641 20.371 17.298 19.579 19.557 16.292 15.139 17.941 16.686 10.449 15.720 17.983 15.790 10.477 12.812 16.906 14.979 13.777 15.384 13.932 8.825 11.108 8.091 7.268 9.135 10.327 6.007 7.838 12.724 16.107 15.691 10.863 13.967 10.771 10.412 8.467 11.554 6.942 14.045 16.883 18.737 26.849 27.537 24.874 21.466 23.645 23.414 20.193 16.311 21.522 20.050 16.106 18.392 19.808 16.641 11.195 17.784 17.010 20.586 22.177 18.896 19.779 21.238 21.863 19.290 23.892 22.661 27.109 29.240 26.379 26.217 22.194 21.408 16.560 18.493 21.256 18.933 16.118 13.323 15.806 12.970 10.476 7.076 7.546 11.605 13.710 16.736 20.640 20.077 23.306 26.151 22.917 24.519 23.168 25.283 23.651 19.381 21.891 23.468 18.319 18.411 20.959 22.070 16.833 19.948 22.405 25.101 21.488 21.683 18.159 18.944 20.175 16.248 15.625 18.336 16.176 13.705 15.402 13.934 15.672 14.415 17.800 20.558 17.665 14.051 14.524 10.831 13.701 11.501 14.196 8.385 15.484 12.362 12.288 9.024 12.410 14.925 18.353 15.641 13.146 15.075 10.434 10.944 8.065 9.102 5.169 10.306 12.687 15.510 17.095 13.445 12.073 15.709 16.033 12.063 9.558 7.452 9.699 7.128 3.460 7.097 4.980 11.131 10.788 15.774 18.247
13.833 10.995 7.247 12.264 12.971 12.514 8.977 7.483 10.432 9.083 4.163 7.088 8.941 7.062 4.004 6.565 7.946 5.492 3.964 3.100 3.432 1.332 0.000 1.345 3.318 3.158 2.829 5.938 9.457 10.975 9.658 13.108 10.913 13.366 17.223 16.174 9.148 11.334 10.676 11.833 9.627 5.827 8.709 9.337 6.430 3.851 7.015 7.557 3.559 5.099 7.858 8.802 4.248 9.292 11.851 11.329 12.128 9.197 6.510 10.272 9.133 12.756 15.409 17.526 18.257 17.273 15.313 14.430 18.262 17.945 16.237 12.701 14.907 15.988 13.081 10.676 13.984 14.375 9.150 12.808 15.504 15.310 8.817 12.595 16.182 14.684 13.693 16.137 14.975 8.872 13.394 10.492 9.450 11.482 10.653 6.635 10.324 14.604 17.687 15.967 11.172 13.218 10.284 9.392 6.293 9.446 4.195 11.509 14.701 14.904 29.188 30.109 27.549 23.773 26.203 26.202 23.024 18.758 24.262 22.970 18.957 21.117 22.639 19.691 14.283 20.403 18.975 22.834 24.717 21.638 22.787 24.273 24.991 22.421 27.031 25.728 30.131 32.309 29.514 29.369 25.302 24.477 19.506 21.261 23.814 21.126 18.783 15.505 18.551 15.349 13.141 9.799 10.536 14.709 16.570 19.897 23.653 23.019 26.042 29.047 25.920 27.246 25.711 27.955 26.475 22.139 24.607 26.151 21.288 21.092 23.615 24.621 19.597 22.492 24.845 27.519 23.928 24.323 20.891 21.676 22.845 18.856 17.798 20.846 18.851 16.245 18.200 16.586 18.153 15.729 19.975 21.990 19.215 15.705 16.601 13.128 16.233 14.283 16.995 10.876 17.954 14.643 14.119 10.073 12.588 15.452 19.066 17.236 15.224 17.712 13.159 13.820 10.696 11.468 7.732 12.269 14.691 17.508 19.102 15.997 14.103 17.737 18.002 14.097 10.218 8.362 11.642 8.025 5.706 9.810 7.925 14.231 13.296 18.687 21.076
14.942 11.366 9.045 14.225 15.509 14.639 11.139 10.942 12.992 11.050 6.296 9.914 11.890 9.564 6.759 10.024 11.674 8.468 5.917 2.920 3.294 3.173 1.345 0.000 1.335 3.125 3.116 5.423 8.789 9.975 10.044 11.493 8.640 11.587 14.698 12.593 6.735 6.791 3.608 6.905 6.907 2.922 4.087 6.475 7.053 3.815 6.838 9.406 6.972 8.201 10.903 12.262 8.126 12.788 15.387 14.988 16.432 13.568 10.095 13.766 11.523 15.218 14.691 18.944 20.339 19.645 18.864 16.055 20.303 20.493 18.692 15.763 16.218 16.520 13.657 11.613 13.789 12.893 8.537 10.559 12.281 10.818 3.631 7.295 9.280 7.422 6.713 9.019 8.781 3.904 7.747 6.840 6.000 8.290 7.463 3.927 10.273 12.441 15.806 13.620 10.094 11.918 11.106 11.726 9.595 12.964 8.609 15.927 19.202 19.142 28.006 29.723 27.495 22.007 25.915 26.532 23.537 18.411 24.378 24.074 19.647 21.714 23.648 21.656 16.180 21.843 20.181 24.511 26.582 23.786 24.927 26.553 26.964 24.186 28.792 27.339 31.583 33.850 31.346 31.422 27.416 26.846 21.987 23.928 26.589 24.090 21.517 18.189 21.006 17.692 15.556 11.848 13.032 17.047 19.123 21.993 25.990 25.048 28.406 31.077 27.667 28.592 26.800 28.448 27.536 23.436 23.900 26.206 22.577 21.094 23.046 24.052 20.199 20.635 23.188 24.679 20.203 21.043 19.097 18.891 19.924 15.800 14.027 20.006 18.647 15.015 16.644 13.678 15.111 10.388 16.031 17.703 16.134 12.287 13.798 10.441 14.256 12.392 16.530 12.333 18.685 15.671 15.079 11.485 14.741 17.383 20.891 19.075 16.853 19.337 14.852 15.188 11.648 11.525 6.749 10.545 13.127 15.699 17.954 15.963 12.715 16.690 17.992 13.931 8.876 9.717 11.567 5.927 6.126 10.884 10.025 16.032 15.374 20.675 23.216
