0.000 5.769 6.966 9.059 7.320 6.256 11.099 11.999 10.418 12.512 15.842 15.761 16.010 18.955 20.719 20.737 22.495 24.811 25.996 26.951 28.926 30.696 31.851 33.136 34.827 36.548 37.698 39.182 40.859 42.512 44.099 45.906 42.725 43.421 42.214 39.417 38.617 38.180 35.671 33.191 34.125 32.758 29.078 28.661 29.525 25.974 23.202 25.460 24.438 19.850 19.976 22.252 19.150 14.924 17.967 19.186 14.289 13.172 17.713 16.832 11.821 14.898 18.793 16.340 13.152 15.179 20.102 23.094 26.312 28.833 32.042 45.496 42.395 40.806 38.360 37.438 36.854 34.378 32.662 32.382 30.936 28.446 27.493 27.267 24.909 22.783 22.628 21.653 18.971 17.508 17.669 16.116 13.176 12.857 13.455 11.079 8.624 10.501 10.719 7.653 4.179 9.198 9.938 11.999 9.440 15.635 16.233 12.888 15.622 18.302 17.169 16.438 19.493 21.532 19.224 21.284 24.094 24.663 21.826 26.116 28.538 27.240 28.175 31.186 32.988 31.472 33.873 36.440 36.674 36.939 38.790 41.613 39.461 42.804 45.262 46.788 44.458 45.504 44.112 47.745 48.221 46.219
5.769 0.000 6.017 5.414 3.838 6.790 9.301 8.849 9.916 12.617 13.847 14.216 16.284 18.490 19.031 20.213 22.662 23.782 24.793 26.878 28.756 29.473 31.010 33.050 34.117 35.391 37.253 38.957 39.892 41.569 43.810 45.378 42.694 42.894 42.409 39.714 38.139 37.884 36.122 33.127 33.440 32.710 29.398 27.943 28.740 26.122 22.924 24.013 23.569 19.682 18.465 20.150 18.053 13.712 15.005 16.498 12.540 9.694 13.555 13.739 8.330 9.827 14.382 12.945 9.003 9.802 15.098 17.548 21.127 23.726 26.558 42.210 39.040 37.274 34.920 34.166 33.376 30.858 29.337 29.057 27.247 24.975 24.222 23.755 21.108 19.448 19.528 17.824 15.185 14.473 14.359 11.923 9.605 10.181 9.873 6.772 5.950 7.985 7.136 3.603 3.285 6.853 6.555 7.657 3.721 9.467 10.818 7.261 9.451 12.198 12.234 10.462 13.470 15.816 14.479 15.972 18.621 20.040 17.699 21.260 23.712 23.398 23.608 26.694 28.809 27.852 30.125 32.505 33.107 33.360 34.382 37.983 36.244 39.336 41.690 43.248 41.284 42.387 41.229 44.993 45.351 43.911
6.966 6.017 0.000 4.526 7.315 5.472 6.763 9.944 10.951 10.876 12.960 15.153 15.945 16.914 18.944 20.662 21.736 22.756 25.039 26.745 27.625 28.889 31.198 32.466 33.079 35.175 37.130 38.015 39.075 41.435 43.281 44.400 41.544 41.260 40.341 38.229 36.796 35.747 34.022 31.776 31.614 30.082 27.375 26.457 26.231 23.245 21.123 22.094 20.359 16.842 16.908 17.622 14.281 11.152 13.566 13.302 8.372 8.424 11.998 10.045 5.413 9.824 12.581 10.044 8.415 11.304 14.878 18.803 21.847 23.456 27.294 40.505 37.225 35.255 32.890 32.452 31.730 28.937 27.609 27.669 25.930 23.282 22.979 22.983 20.113 18.226 18.970 17.840 14.660 14.155 15.193 13.015 10.128 11.627 12.505 9.622 8.290 10.547 10.650 7.205 5.944 10.395 10.717 12.043 8.612 14.312 14.580 10.921 12.907 15.443 14.515 12.120 15.165 17.307 14.471 16.051 18.822 19.786 15.595 20.192 22.786 21.578 21.599 24.998 27.013 25.381 27.593 30.199 30.798 30.624 32.203 35.386 33.822 36.461 38.932 40.689 38.938 39.637 38.455 42.038 42.265 40.982
9.059 5.414 4.526 0.000 4.851 5.683 4.654 6.050 8.888 9.617 9.868 12.051 14.161 14.900 15.774 18.084 19.839 20.141 22.017 24.443 25.495 26.005 28.340 30.201 30.575 32.208 34.523 35.730 36.350 38.541 40.831 41.937 39.417 39.019 38.662 36.413 34.498 33.841 32.541 29.742 29.397 28.556 25.842 24.130 24.276 22.021 19.221 19.568 18.771 15.526 14.249 15.102 13.031 9.208 10.158 11.091 7.370 4.625 8.670 8.828 4.095 6.682 10.671 10.167 8.214 9.129 12.952 16.072 19.981 21.382 24.647 38.113 34.882 32.899 30.683 30.118 29.181 26.517 25.284 25.075 23.206 20.744 20.398 20.084 17.230 15.550 16.100 14.680 11.598 11.279 12.095 9.689 7.005 8.911 9.564 6.920 5.828 8.201 9.021 4.678 6.965 10.363 10.928 10.825 8.183 12.264 11.934 8.333 10.294 12.575 11.188 8.999 12.033 14.060 11.269 13.016 15.829 16.714 13.329 17.565 20.067 19.064 19.620 22.682 24.607 23.392 25.595 28.097 28.750 28.994 30.286 33.469 32.148 34.989 37.288 38.809 37.193 38.356 37.385 41.315 41.599 40.673
7.320 3.838 7.315 4.851 0.000 5.385 7.327 5.394 6.426 9.773 10.558 10.408 12.849 15.199 15.344 16.463 19.171 20.230 20.996 23.185 25.203 25.790 27.206 29.376 30.493 31.626 33.481 35.307 36.212 37.779 40.079 41.708 39.085 39.386 39.048 36.217 34.571 34.552 32.830 29.602 30.039 29.604 26.128 24.474 25.649 23.215 19.623 20.812 20.926 16.894 15.220 17.514 15.978 11.112 12.319 14.842 11.374 7.729 12.326 13.571 8.839 9.959 14.838 14.526 11.332 11.235 16.198 18.234 22.507 24.559 27.098 37.297 34.171 32.508 30.166 29.274 28.518 26.067 24.463 24.082 22.612 20.113 19.228 19.059 16.637 14.473 14.586 13.732 10.822 9.545 10.449 8.988 5.644 6.703 7.836 5.478 3.517 5.391 6.799 4.070 3.745 7.454 8.748 9.632 7.879 11.966 11.298 7.855 10.238 12.665 10.816 9.953 12.975 14.803 11.540 13.932 16.781 16.657 14.102 18.371 20.651 19.016 20.735 23.273 24.884 23.453 25.943 28.453 28.539 29.202 31.213 33.633 31.823 35.143 37.504 38.774 36.778 38.329 37.315 41.435 41.939 40.704
6.256 6.790 5.472 5.683 5.385 0.000 5.311 7.255 5.933 6.533 9.853 10.767 10.919 12.976 15.067 15.815 17.117 18.915 20.692 21.930 23.345 24.965 26.681 27.889 29.090 31.043 32.548 33.715 35.145 37.149 38.822 40.307 37.275 37.570 36.548 33.990 32.868 32.263 30.104 27.598 28.129 26.828 23.422 22.724 23.361 20.062 17.281 19.249 18.259 13.772 13.808 16.092 13.153 8.688 12.163 13.678 9.032 8.177 13.234 12.875 8.941 12.351 16.023 14.808 12.986 14.496 18.576 21.689 25.577 27.031 30.311 36.594 33.398 31.770 29.213 28.499 28.068 25.430 23.688 23.750 22.483 19.679 18.943 19.365 16.870 14.403 15.124 14.826 11.655 10.501 12.282 11.031 7.784 8.012 10.128 7.835 5.310 7.819 9.720 6.794 5.301 10.472 11.683 12.494 10.349 14.562 13.706 10.263 12.583 14.913 12.887 11.783 14.767 16.299 12.699 14.904 17.693 17.340 13.512 18.426 20.769 18.598 20.139 22.737 24.366 22.312 24.889 27.533 27.414 27.680 30.167 32.426 30.247 33.557 36.004 37.517 35.270 36.410 35.199 39.081 39.595 38.043
11.099 9.301 6.763 4.654 7.327 5.311 0.000 5.485 7.383 5.715 6.339 9.683 10.775 10.632 12.479 14.952 15.847 16.163 18.719 20.809 21.356 22.257 24.897 26.285 26.531 28.600 30.839 31.655 32.443 34.914 36.927 37.886 35.242 34.763 34.196 32.105 30.311 29.415 28.051 25.502 25.102 23.997 21.376 19.922 19.862 17.393 14.844 15.435 14.334 10.893 10.183 11.295 8.795 4.654 7.271 8.421 4.467 3.743 8.534 8.690 6.560 9.604 12.476 12.585 12.194 13.162 15.932 19.132 23.239 23.751 27.120 34.100 30.830 28.962 26.533 26.031 25.409 22.631 21.190 21.345 19.751 16.974 16.692 17.018 14.162 12.065 13.302 12.655 9.275 9.090 11.160 9.561 5.670 7.892 10.040 8.219 6.644 9.656 11.681 7.989 8.117 13.035 14.077 14.087 12.117 15.505 13.913 10.974 12.378 14.174 11.658 9.876 12.528 13.505 9.859 11.737 14.461 14.364 10.086 14.985 17.410 15.496 16.644 19.368 21.129 19.297 21.723 24.338 24.572 24.766 26.852 29.418 27.665 30.734 33.097 34.673 32.727 33.860 32.812 36.808 37.223 36.149
11.999 8.849 9.944 6.050 5.394 7.255 5.485 0.000 5.320 7.386 5.633 6.374 9.929 11.045 10.423 12.700 15.365 15.432 16.441 19.279 20.864 20.888 22.795 25.167 25.740 26.836 29.142 30.831 31.331 33.111 35.650 37.001 34.655 34.582 34.633 31.968 29.865 29.891 28.670 25.215 25.222 25.199 22.031 19.736 20.919 19.188 15.328 15.807 16.578 13.079 10.330 12.744 12.386 7.450 7.450 11.238 9.345 4.802 9.416 12.125 9.308 9.658 14.025 15.314 13.539 12.673 16.342 18.062 22.915 23.897 26.232 32.470 29.324 27.650 25.313 24.443 23.689 21.211 19.624 19.320 17.845 15.270 14.509 14.528 11.999 9.747 10.374 9.795 6.592 5.819 7.915 5.485 2.895 4.641 6.691 3.646 3.880 6.518 8.002 3.452 8.113 10.675 11.268 8.975 7.777 9.605 8.441 5.247 6.463 8.191 6.266 4.000 6.936 8.916 6.505 8.277 11.050 12.094 9.926 13.506 15.829 14.261 16.144 18.763 20.208 18.750 21.317 23.794 23.738 24.643 26.836 28.928 27.146 30.550 32.897 34.001 32.052 33.872 33.005 37.393 37.973 37.039
10.418 9.916 10.951 8.888 6.426 5.933 7.383 5.320 0.000 5.331 7.279 5.450 6.549 9.961 10.591 10.520 13.061 15.002 15.619 17.069 19.320 20.544 21.573 23.335 24.935 26.257 27.624 29.410 30.786 32.252 34.172 36.006 33.129 33.875 33.276 30.189 28.934 29.129 26.979 23.721 24.778 24.367 20.359 19.128 20.986 18.205 14.204 16.556 17.201 12.448 11.102 14.966 13.719 8.423 11.008 14.639 11.679 9.106 14.229 15.863 12.672 14.360 18.643 18.927 16.909 16.879 21.065 23.051 27.731 28.983 31.441 32.115 29.035 27.704 25.104 24.060 23.748 21.368 19.319 19.198 18.326 15.539 14.329 15.001 12.992 10.068 10.662 11.228 8.397 6.666 7.918 7.971 4.665 2.938 5.943 6.797 3.322 4.788 7.541 8.134 5.671 9.630 11.859 12.457 12.533 15.241 12.905 10.494 12.280 13.694 10.738 10.304 12.790 13.470 9.930 12.494 15.282 14.216 11.611 16.170 18.086 15.166 17.259 19.987 20.921 19.040 21.881 24.426 23.702 24.664 27.237 29.111 26.611 30.384 32.866 33.972 31.457 33.295 32.235 36.577 37.349 35.892
12.512 12.617 10.876 9.617 9.773 6.533 5.715 7.386 5.331 0.000 5.573 7.101 5.570 6.522 9.720 10.587 10.878 12.658 15.062 16.043 16.924 18.820 20.844 21.675 22.687 24.971 26.489 27.327 28.812 31.051 32.565 33.890 30.847 31.056 30.042 27.548 26.383 25.749 23.643 21.126 21.648 20.409 16.936 16.270 17.088 13.780 10.758 13.240 12.636 7.668 8.066 11.431 9.095 4.424 9.127 11.599 8.599 8.589 13.260 13.867 12.219 15.011 18.032 18.206 17.638 18.432 21.518 24.315 28.719 29.149 32.221 30.712 27.293 25.981 23.258 22.617 22.496 19.786 17.864 18.345 17.402 14.332 13.748 14.956 12.599 9.811 11.504 12.153 8.989 8.100 10.238 9.932 6.583 6.050 9.748 9.823 7.045 10.030 12.586 10.699 10.435 15.138 16.741 16.150 15.432 17.844 15.665 13.112 14.811 15.971 13.007 12.314 14.627 14.420 10.714 12.805 15.294 13.817 9.377 14.779 16.802 13.610 15.286 17.966 19.272 16.642 19.443 22.116 21.495 21.891 24.606 26.646 24.100 27.639 30.151 31.528 29.084 30.402 29.234 33.377 34.061 32.613
15.842 13.847 12.960 9.868 10.558 9.853 6.339 5.633 7.279 5.573 0.000 5.279 7.388 6.008 6.224 9.718 11.011 10.321 12.592 15.359 15.957 16.154 18.838 20.686 20.743 22.426 24.919 26.003 26.482 28.780 31.101 32.098 29.733 29.306 29.289 26.946 24.729 24.417 23.413 20.172 19.796 19.644 16.819 14.425 15.291 13.781 10.042 10.266 11.180 7.982 4.721 7.874 8.259 3.926 4.395 8.856 8.497 6.519 9.945 12.508 11.944 12.956 15.839 17.636 17.359 16.922 19.279 21.292 26.110 26.009 28.540 28.206 24.981 23.340 20.799 20.113 19.688 17.010 15.286 15.543 14.321 11.351 10.931 11.885 9.339 6.744 8.797 9.155 6.270 5.530 7.864 8.170 3.933 6.751 9.709 8.802 8.572 11.498 13.609 10.722 12.709 16.843 18.160 15.997 15.145 16.228 14.310 11.362 12.719 13.370 10.088 9.225 11.171 11.092 7.419 9.182 11.713 10.592 6.866 11.722 13.684 10.538 12.435 15.159 16.329 14.238 17.009 19.573 19.125 19.959 22.455 24.375 22.260 25.782 28.200 29.377 27.194 28.967 28.086 32.520 33.253 32.347
15.761 14.216 15.153 12.051 10.408 10.767 9.683 6.374 5.450 7.101 5.279 0.000 5.327 7.435 5.583 6.396 9.946 10.648 10.604 13.126 15.424 15.669 16.802 19.231 20.439 21.289 23.117 25.153 26.017 27.384 29.756 31.488 29.016 29.582 29.639 26.474 24.628 25.302 23.736 19.835 20.681 21.204 17.308 15.024 17.557 15.907 11.100 12.774 14.974 11.038 7.863 12.471 13.175 8.482 9.169 14.065 13.115 10.093 14.091 17.078 15.242 15.764 19.688 21.307 19.882 18.923 22.322 23.581 28.706 29.272 31.179 27.251 24.217 23.025 20.439 19.224 18.958 16.729 14.526 14.349 13.742 10.946 9.510 10.603 9.001 5.712 6.851 7.928 5.259 3.427 5.417 6.436 3.890 3.339 6.789 8.323 7.334 9.141 11.830 11.598 12.582 15.724 17.487 15.695 16.003 16.646 13.861 11.771 13.890 13.588 10.211 10.463 12.463 11.515 8.001 10.452 12.890 10.766 8.613 12.930 14.635 11.227 13.721 16.474 16.616 15.099 18.081 20.474 19.325 20.850 23.331 24.972 22.406 26.441 28.894 29.608 27.087 29.516 28.688 33.190 34.356 33.212
16.010 16.284 15.945 14.161 12.849 10.919 10.775 9.929 6.549 5.570 7.388 5.327 0.000 5.303 7.253 5.534 6.637 9.799 10.785 11.055 13.085 15.242 16.168 17.143 19.041 20.850 21.783 23.208 25.054 26.666 28.102 29.950 26.820 27.828 26.934 23.744 22.853 23.104 20.593 17.420 19.014 18.556 14.092 13.444 15.934 12.893 8.572 12.406 13.608 8.624 8.145 13.203 12.576 8.551 11.702 15.495 13.745 12.725 17.100 18.801 17.217 19.105 22.546 23.342 22.367 22.410 25.756 27.779 32.622 33.048 35.501 27.037 23.792 23.018 20.124 19.052 19.366 17.045 14.535 15.006 14.940 11.897 10.590 12.579 10.999 7.815 8.836 10.117 7.619 5.370 7.713 9.392 6.534 4.663 9.842 11.365 9.615 11.170 14.590 13.911 11.988 17.034 19.170 18.521 18.706 19.546 16.889 14.618 16.616 16.418 12.970 13.213 15.202 13.928 10.483 12.992 15.240 12.805 10.312 14.809 16.096 12.447 14.659 17.358 17.368 14.969 18.088 20.588 18.928 20.097 22.803 24.510 21.237 25.427 28.012 28.984 25.932 27.972 26.868 31.268 32.440 30.829
18.955 18.490 16.914 14.900 15.199 12.976 10.632 11.045 9.961 6.522 6.008 7.435 5.303 0.000 5.570 7.185 5.670 6.293 9.802 10.880 10.750 12.539 15.188 15.796 16.251 18.797 20.605 21.111 22.375 24.902 26.459 27.516 24.663 24.611 23.936 21.523 19.958 19.454 17.768 14.915 15.191 14.494 11.066 9.755 11.098 8.565 4.437 7.421 8.401 4.110 3.731 8.540 8.635 6.526 9.089 12.239 11.974 12.087 15.240 16.884 16.916 18.733 21.101 22.493 22.652 22.741 24.950 27.190 31.913 31.474 34.127 24.702 21.160 20.178 17.296 16.650 16.894 14.218 12.026 13.014 12.625 9.386 9.013 11.036 9.579 5.554 8.130 10.170 8.189 6.658 9.561 11.334 8.312 7.373 12.400 13.459 12.051 14.352 17.133 15.779 16.391 20.549 22.242 20.728 20.540 21.407 18.946 16.442 18.049 17.933 14.476 14.074 16.070 14.078 11.149 12.827 14.113 11.301 7.852 12.618 13.213 9.535 11.419 14.053 14.287 11.494 14.580 17.143 15.740 16.645 19.349 21.159 18.201 22.135 24.687 25.821 23.066 24.912 23.926 28.378 29.462 27.897
20.719 19.031 18.944 15.774 15.344 15.067 12.479 10.423 10.591 9.720 6.224 5.583 7.253 5.570 0.000 5.381 7.401 5.561 6.425 10.042 11.120 10.482 12.733 15.199 15.424 16.471 18.984 20.580 20.928 22.784 25.353 26.609 24.461 24.448 24.957 22.121 19.647 20.304 19.471 15.342 15.502 16.649 13.350 9.998 12.736 12.374 7.399 7.896 11.540 9.153 4.821 9.584 12.056 9.311 8.766 13.540 14.430 12.461 14.983 18.268 18.069 18.358 21.240 23.641 23.245 22.171 24.439 25.588 30.737 30.353 32.146 22.566 19.468 18.294 15.618 14.495 14.433 12.122 9.786 10.096 9.818 6.781 5.716 7.847 5.530 2.925 4.825 6.720 3.664 3.908 6.446 7.796 3.785 7.776 10.475 10.490 11.541 13.711 15.560 13.759 17.081 19.728 20.974 18.005 17.091 17.279 15.165 12.602 12.989 12.727 9.470 8.424 10.196 8.589 5.341 6.902 8.391 5.956 3.435 6.944 8.716 5.882 7.632 10.328 11.688 10.235 12.816 15.226 14.596 16.294 18.482 20.301 17.700 21.881 24.315 24.836 22.295 25.050 24.418 28.985 30.347 29.586
20.737 20.213 20.662 18.084 16.463 15.815 14.952 12.700 10.520 10.587 9.718 6.396 5.534 7.185 5.381 0.000 5.279 7.356 5.784 6.844 10.108 11.125 11.133 13.179 15.300 16.120 17.142 19.367 20.856 21.867 23.800 25.914 23.192 24.512 24.410 20.740 19.379 20.703 18.651 14.407 16.417 17.426 12.799 10.965 14.989 13.487 8.335 11.543 14.777 11.180 8.981 14.278 15.569 12.233 13.407 18.014 17.685 15.851 19.391 22.198 21.083 21.902 25.379 27.098 26.083 25.268 28.364 29.547 34.741 34.892 36.649 22.399 19.544 18.998 16.139 14.580 15.115 13.322 10.379 10.649 11.457 8.797 6.800 8.813 8.104 4.827 5.897 7.802 6.954 3.706 5.758 8.159 8.066 2.866 8.911 11.335 10.658 9.612 14.431 15.673 15.244 18.187 20.470 18.940 19.771 20.018 16.871 15.390 17.547 16.501 13.019 14.124 15.840 13.324 10.806 12.850 13.766 10.852 9.425 12.983 13.303 9.724 12.305 15.000 14.415 12.856 16.026 18.139 15.654 17.559 20.308 21.218 18.059 22.726 25.237 25.487 22.335 25.385 24.614 29.117 30.775 29.550
22.495 22.662 21.736 19.839 19.171 17.117 15.847 15.365 13.061 10.878 11.011 9.946 6.637 5.670 7.401 5.279 0.000 5.482 7.153 5.679 6.524 9.836 10.971 10.855 12.722 15.168 15.866 16.701 18.839 20.769 21.810 23.478 20.246 21.308 20.370 17.137 16.330 16.738 14.156 10.796 12.890 12.802 7.904 7.644 11.205 8.793 4.359 9.373 11.664 8.351 8.459 13.216 13.904 12.102 14.305 17.774 17.574 17.366 20.636 22.547 22.288 23.933 26.624 28.044 27.854 27.731 30.278 32.135 37.069 36.717 39.009 21.460 17.877 17.872 14.729 13.731 14.811 12.672 9.790 11.204 12.123 9.143 7.907 10.079 10.108 6.676 7.756 10.050 9.726 6.987 10.038 12.509 11.136 8.925 14.576 16.412 15.163 16.177 20.109 19.351 18.683 23.439 25.324 23.960 23.949 24.296 21.543 19.417 20.784 19.990 16.579 16.763 18.447 15.940 13.486 15.391 16.037 12.850 10.688 14.781 14.127 10.527 12.547 14.943 13.778 11.255 14.414 16.626 13.859 15.384 18.092 19.312 15.468 20.099 22.717 23.190 19.906 22.359 21.371 25.816 27.425 25.991
24.811 23.782 22.756 20.141 20.230 18.915 16.163 15.432 15.002 12.658 10.321 10.648 9.799 6.293 5.561 7.356 5.482 0.000 5.433 7.505 6.181 6.295 9.848 10.935 10.435 12.687 15.173 15.743 16.329 18.921 20.946 21.796 19.475 19.179 19.468 16.942 14.451 14.770 14.075 10.129 10.044 11.283 8.267 4.449 7.944 8.361 4.012 4.908 9.298 8.440 6.348 10.007 12.696 11.980 12.148 15.632 17.104 16.636 18.610 21.223 21.975 22.797 24.885 27.230 27.572 26.922 28.609 30.077 35.039 34.053 36.048 18.741 15.217 14.686 11.636 10.800 11.630 9.292 6.575 8.354 9.006 6.311 5.220 7.587 8.182 3.704 6.984 9.799 8.730 8.466 11.434 13.488 10.905 11.325 16.339 17.483 17.396 18.489 21.915 20.653 22.285 25.872 27.563 25.020 24.276 24.416 22.070 19.679 20.212 19.504 16.269 15.600 16.706 14.428 11.570 13.000 13.208 9.808 7.283 11.349 10.847 7.249 8.949 11.389 10.442 8.209 11.358 13.424 10.710 12.456 15.212 16.285 13.040 17.584 20.097 20.570 17.546 20.417 19.806 24.376 26.003 25.313
25.996 24.793 25.039 22.017 20.996 20.692 18.719 16.441 15.619 15.062 12.592 10.604 10.785 9.802 6.425 5.784 7.153 5.433 0.000 5.378 7.493 5.930 6.381 9.727 10.700 10.733 12.809 15.200 15.715 16.783 19.432 21.194 19.180 20.020 20.970 17.437 15.003 17.045 16.180 11.138 12.563 15.149 11.454 7.887 12.743 13.355 8.705 9.924 14.676 13.108 10.146 14.395 17.304 15.314 14.959 19.446 20.625 18.875 21.186 24.568 24.477 24.627 27.501 30.058 29.584 28.300 30.588 31.291 36.568 36.037 37.357 17.290 14.463 14.181 11.319 9.545 10.488 9.105 5.820 6.633 8.060 5.569 3.406 5.359 6.581 3.867 3.722 7.003 8.439 7.143 8.313 11.871 11.878 11.059 15.281 17.151 17.786 17.404 21.039 21.471 23.029 25.644 27.572 24.797 24.657 24.288 21.473 19.754 20.538 19.027 15.965 16.396 17.099 14.071 12.294 14.206 13.670 10.205 9.639 12.624 11.362 7.909 10.278 12.617 10.862 9.443 12.599 14.690 11.452 13.787 16.627 16.734 13.878 18.787 21.165 20.865 17.742 21.424 21.228 25.758 27.731 27.135
26.951 26.878 26.745 24.443 23.185 21.930 20.809 19.279 17.069 16.043 15.359 13.126 11.055 10.880 10.042 6.844 5.679 7.505 5.378 0.000 5.207 7.595 6.015 6.487 9.861 10.966 10.803 12.862 15.189 16.024 17.227 19.596 16.582 18.677 18.420 14.265 13.495 15.596 13.168 8.564 12.113 13.810 8.987 8.110 13.283 12.565 8.778 12.269 15.916 13.711 12.749 17.291 19.048 17.244 18.407 22.403 22.772 21.840 24.813 27.426 27.105 28.091 31.020 32.914 32.435 31.740 34.365 35.561 40.747 40.369 42.063 17.512 14.440 15.237 12.160 10.471 12.286 11.204 7.928 7.910 10.263 7.934 5.432 7.715 9.558 6.466 5.710 10.097 11.460 9.444 10.173 14.604 14.247 11.887 17.576 19.550 19.474 18.510 23.475 23.560 24.084 27.236 29.516 27.244 27.180 27.028 24.199 22.365 23.304 21.966 18.803 19.097 19.986 17.069 15.042 16.987 16.416 12.882 12.564 15.420 13.769 10.532 12.908 15.066 12.913 11.463 14.538 16.059 12.507 14.625 17.448 17.051 13.601 18.798 21.267 20.658 17.136 20.677 20.176 24.548 26.736 25.579
28.926 28.756 27.625 25.495 25.203 23.345 21.356 20.864 19.320 16.924 15.957 15.424 13.085 10.750 11.120 10.108 6.524 6.181 7.493 5.207 0.000 5.653 7.355 5.473 6.385 9.797 10.568 10.410 12.548 15.024 15.822 17.052 13.980 14.827 14.336 11.116 9.808 10.777 8.824 4.428 7.207 8.672 4.527 3.894 8.748 8.882 6.899 9.579 12.823 12.181 12.108 15.449 17.400 17.114 18.176 21.239 22.313 22.374 24.645 26.833 27.510 28.745 30.846 32.866 33.208 32.811 34.677 36.237 41.198 40.187 42.192 15.954 11.968 13.043 9.744 8.990 11.055 9.601 5.524 7.989 10.023 8.240 6.453 9.396 11.338 7.800 8.123 12.562 13.451 11.896 13.444 17.107 16.110 14.793 20.054 21.915 21.639 21.755 25.920 25.531 25.925 30.020 31.850 29.540 29.302 29.261 26.552 24.546 25.356 24.180 20.996 20.954 21.811 19.047 16.768 18.351 17.759 14.280 13.143 15.794 13.700 10.921 12.645 13.998 11.249 9.458 12.196 13.192 9.584 11.350 14.109 14.026 10.084 15.227 17.758 17.462 13.953 17.133 16.587 21.025 23.140 22.276
30.696 29.473 28.889 26.005 25.790 24.965 22.257 20.888 20.544 18.820 16.154 15.669 15.242 12.539 10.482 11.125 9.836 6.295 5.930 7.595 5.653 0.000 5.497 7.328 5.407 6.479 9.914 10.827 10.447 12.811 15.469 16.243 14.696 14.461 16.076 13.289 9.723 11.798 12.320 7.315 7.336 11.278 9.354 4.910 9.593 12.176 9.502 9.082 13.967 14.438 12.333 14.978 18.486 18.175 17.501 21.000 23.146 22.332 23.732 26.841 27.838 28.074 30.064 32.919 33.254 32.123 33.567 34.405 39.488 38.195 39.581 13.002 9.670 10.147 7.043 5.646 7.811 5.720 2.900 4.665 6.676 4.030 3.874 6.509 8.286 3.818 8.031 11.201 10.895 11.902 13.655 16.135 14.268 16.219 19.889 20.884 21.786 22.789 25.265 24.413 27.208 30.062 31.482 28.302 27.365 27.066 24.802 22.628 22.618 21.517 18.634 17.885 18.106 15.665 13.263 13.802 13.138 9.829 9.001 10.351 8.713 5.492 7.108 8.511 6.046 3.713 6.466 8.390 5.810 7.208 9.933 11.346 8.628 12.663 15.088 15.791 12.824 16.131 15.940 20.548 22.014 22.331
31.851 31.010 31.198 28.340 27.206 26.681 24.897 22.795 21.573 20.844 18.838 16.802 16.168 15.188 12.733 11.133 10.971 9.848 6.381 6.015 7.355 5.497 0.000 5.354 7.240 5.604 6.546 9.960 10.769 10.779 13.334 15.647 13.863 15.743 17.184 13.076 10.858 14.503 13.811 8.479 11.218 14.957 11.790 9.224 14.493 15.901 12.652 13.912 18.602 17.856 15.841 19.508 22.537 21.233 21.022 25.144 26.575 25.191 27.292 30.593 30.769 30.954 33.644 36.289 35.952 34.647 36.795 37.329 42.622 41.847 42.929 12.705 10.256 11.644 8.948 6.713 8.087 7.856 4.574 2.973 6.120 6.831 3.408 4.619 7.286 7.773 2.831 8.933 11.286 11.054 9.055 14.767 16.208 14.744 18.478 20.523 21.788 20.227 23.842 25.533 26.914 28.513 31.120 28.070 28.113 27.261 24.342 23.123 23.682 21.610 18.986 19.803 19.795 16.485 15.544 17.321 15.711 12.543 14.143 15.331 12.713 10.610 12.527 13.451 10.562 9.914 12.441 13.124 9.653 12.159 14.992 13.637 11.446 16.707 18.842 17.238 13.815 18.336 18.763 22.981 25.564 25.194
33.136 33.050 32.466 30.201 29.376 27.889 26.285 25.167 23.335 21.675 20.686 19.231 17.143 15.796 15.199 13.179 10.855 10.935 9.727 6.487 5.473 7.328 5.354 0.000 5.442 7.067 5.469 6.425 9.652 10.683 10.990 13.254 10.113 12.789 12.788 8.281 7.792 11.054 9.084 4.387 9.099 11.854 8.677 8.585 13.293 14.035 12.289 14.562 18.168 17.592 17.152 20.595 22.839 22.248 23.035 26.456 27.573 27.188 29.504 32.044 32.482 33.423 35.795 37.979 38.023 37.326 39.395 40.543 45.672 44.737 46.336 13.274 9.862 12.389 9.523 7.695 10.089 10.048 6.670 5.929 9.764 9.732 6.759 9.764 12.312 10.442 8.830 14.574 16.296 15.259 15.089 20.011 19.835 18.471 23.365 25.337 25.646 24.969 29.174 29.494 30.677 33.515 35.620 33.002 32.806 32.398 29.627 27.905 28.470 26.894 23.969 24.104 24.401 21.419 19.618 20.916 19.709 16.314 16.660 18.057 15.470 13.219 15.162 15.884 12.769 12.061 14.459 14.243 10.581 12.599 15.211 13.031 10.129 15.432 17.650 16.014 12.221 16.266 16.330 20.372 23.089 22.320
34.827 34.117 33.079 30.575 30.493 29.090 26.531 25.740 24.935 22.687 20.743 20.439 19.041 16.251 15.424 15.300 12.722 10.435 10.700 9.861 6.385 5.407 7.240 5.442 0.000 5.209 7.307 5.880 6.268 9.731 11.094 11.367 9.501 9.333 10.878 8.242 4.353 7.401 8.376 4.074 4.786 9.349 8.727 6.842 10.344 13.115 12.314 12.472 16.272 17.348 16.563 18.718 21.749 22.182 22.099 24.965 27.072 26.970 28.351 30.973 32.281 32.921 34.601 37.258 37.908 37.090 38.371 39.458 44.423 42.877 44.426 10.912 6.754 9.487 6.826 5.312 7.793 8.190 3.634 6.780 9.780 8.817 8.229 11.230 13.398 10.475 11.223 16.374 17.423 17.126 17.492 21.852 20.852 20.523 25.329 27.123 27.397 27.214 31.092 30.886 32.512 35.637 37.421 34.689 34.024 33.664 31.241 29.220 29.308 28.001 25.166 24.630 24.677 22.074 19.952 20.483 19.324 16.159 15.881 16.505 14.125 11.513 12.893 13.220 9.850 9.091 11.095 10.961 7.317 9.015 11.637 9.739 6.924 12.227 14.514 12.776 9.078 13.460 13.950 18.152 20.671 20.421
36.548 35.391 35.175 32.208 31.626 31.043 28.600 26.836 26.257 24.971 22.426 21.289 20.850 18.797 16.471 16.120 15.168 12.687 10.733 10.966 9.797 6.479 5.604 7.067 5.209 0.000 5.300 7.280 5.642 6.419 10.031 11.170 10.791 11.483 14.468 11.336 7.531 11.951 13.173 8.605 9.608 14.493 13.332 10.494 14.612 17.550 15.571 15.338 20.005 20.714 18.790 21.274 24.902 24.607 23.786 27.344 29.618 28.595 29.882 33.217 34.175 34.140 36.205 39.262 39.461 38.056 39.511 39.917 45.080 43.701 44.618 8.490 5.943 8.311 5.853 3.505 5.368 6.605 3.841 3.313 6.971 8.523 7.241 9.486 11.895 11.493 10.551 15.057 17.291 17.705 16.790 21.556 21.683 21.711 25.583 27.326 28.447 27.727 30.903 31.706 33.749 35.933 38.032 34.741 34.245 33.413 30.836 29.287 29.277 27.427 24.911 24.899 24.448 21.506 20.151 20.818 18.955 16.007 16.707 16.864 13.820 12.267 14.222 13.649 10.167 10.482 12.466 11.520 8.015 10.346 12.903 10.077 8.218 13.463 15.569 13.283 9.764 15.123 15.750 19.989 22.551 22.610
37.698 37.253 37.130 34.523 33.481 32.548 30.839 29.142 27.624 26.489 24.919 23.117 21.783 20.605 18.984 17.142 15.866 15.173 12.809 10.803 10.568 9.914 6.546 5.469 7.307 5.300 0.000 5.336 7.319 5.806 6.928 10.105 8.426 11.936 13.570 9.184 8.115 13.000 12.486 8.598 11.980 15.855 13.808 12.866 17.340 19.073 17.274 18.584 22.730 22.621 21.489 24.673 27.556 26.910 26.990 30.658 32.214 31.351 33.328 36.358 36.845 37.257 39.684 42.284 42.203 41.061 43.033 43.650 48.889 47.849 48.932 10.390 7.927 10.472 8.183 5.321 7.833 9.617 6.481 4.728 9.978 11.480 9.162 11.200 14.268 13.671 9.564 16.188 18.453 17.386 15.444 21.723 22.759 20.223 24.971 27.219 27.792 25.985 30.616 32.022 32.604 34.645 37.461 34.901 35.100 34.429 31.441 30.147 30.866 28.899 26.172 26.852 26.960 23.720 22.494 23.517 21.812 18.731 19.351 19.729 16.779 14.980 16.902 16.456 12.921 13.196 15.185 13.936 10.544 12.936 15.358 11.954 10.391 15.506 17.424 14.859 11.078 16.177 16.997 20.655 23.694 23.397
39.182 38.957 38.015 35.730 35.307 33.715 31.655 30.831 29.410 27.327 26.003 25.153 23.208 21.111 20.580 19.367 16.701 15.743 15.200 12.862 10.410 10.827 9.960 6.425 5.880 7.280 5.336 0.000 5.353 7.204 5.814 6.982 3.993 7.190 8.256 4.436 3.792 8.448 8.466 6.562 9.223 12.559 12.033 12.182 15.349 17.369 17.096 18.138 21.444 22.190 21.974 24.399 27.013 27.347 27.726 30.607 32.376 32.376 34.065 36.546 37.647 38.481 40.324 42.788 43.304 42.575 44.094 45.177 50.198 48.738 50.230 10.580 7.106 10.474 8.913 6.607 9.725 11.696 8.112 7.471 12.574 13.666 11.812 14.517 17.053 15.551 14.354 20.115 21.890 21.047 20.701 25.889 25.232 23.876 29.204 31.136 31.002 30.648 35.132 34.855 35.728 39.262 41.162 38.781 38.467 38.087 35.406 33.649 34.000 32.331 29.582 29.535 29.449 26.539 24.856 25.650 24.109 20.982 21.121 21.711 18.909 16.841 18.428 18.091 14.543 14.205 16.129 14.279 11.456 13.008 14.911 10.597 8.999 13.633 15.283 12.455 8.612 13.225 14.029 17.467 20.663 19.898
40.859 39.892 39.075 36.350 36.212 35.145 32.443 31.331 30.786 28.812 26.482 26.017 25.054 22.375 20.928 20.856 18.839 16.329 15.715 15.189 12.548 10.447 10.769 9.652 6.268 5.642 7.319 5.353 0.000 5.311 7.317 6.222 7.154 6.339 10.582 8.986 4.670 9.228 11.891 9.436 9.306 13.985 14.617 12.913 15.534 19.001 18.528 17.950 21.822 23.466 22.351 24.022 27.513 28.139 27.486 30.315 32.891 32.572 33.507 36.432 37.974 38.200 39.722 42.760 43.476 42.332 43.336 43.994 48.964 47.132 48.230 7.606 3.635 7.097 4.560 3.895 6.712 7.864 3.368 7.955 10.530 10.630 11.425 13.707 15.586 13.662 15.479 19.162 20.496 21.363 21.653 25.387 24.297 25.425 29.396 30.781 31.690 31.908 34.721 34.488 37.059 39.908 41.412 38.077 37.144 36.520 34.250 32.337 32.024 30.566 28.030 27.354 26.874 24.376 22.557 22.549 20.962 18.239 17.852 17.563 15.067 13.015 13.370 12.731 9.485 8.593 10.058 8.539 5.508 6.895 8.751 5.903 3.013 7.783 9.753 8.249 4.488 8.668 9.889 13.924 16.585 17.568
42.512 41.569 41.435 38.541 37.779 37.149 34.914 33.111 32.252 31.051 28.780 27.384 26.666 24.902 22.784 21.867 20.769 18.921 16.783 16.024 15.024 12.811 10.779 10.683 9.731 6.419 5.806 7.204 5.311 0.000 5.404 7.055 8.547 10.551 14.219 11.417 8.997 14.065 15.491 12.438 13.886 18.478 17.928 16.259 19.883 22.797 21.446 21.474 25.809 26.671 25.126 27.512 31.042 30.891 30.201 33.661 35.939 34.995 36.279 39.591 40.572 40.536 42.590 45.672 45.860 44.408 45.866 46.119 51.294 49.827 50.530 6.278 4.693 7.657 7.555 3.974 5.804 8.269 7.664 3.026 8.977 11.356 10.382 9.980 14.370 15.290 12.723 16.774 20.058 20.707 18.596 23.783 25.047 24.620 28.210 30.069 31.506 30.101 33.290 34.887 36.746 38.282 40.829 37.415 37.091 35.980 33.326 32.103 32.042 29.877 27.617 27.916 27.154 24.092 23.234 23.900 21.660 19.006 20.119 19.902 16.640 15.734 17.715 16.463 13.146 14.272 15.898 13.501 11.109 13.000 14.580 9.281 8.880 13.797 14.951 11.836 8.164 14.016 15.704 19.107 22.218 22.832
44.099 43.810 43.281 40.831 40.079 38.822 36.927 35.650 34.172 32.565 31.101 29.756 28.102 26.459 25.353 23.800 21.810 20.946 19.432 17.227 15.822 15.469 13.334 10.990 11.094 10.031 6.928 5.814 7.317 5.404 0.000 4.754 4.742 9.290 11.341 8.473 8.743 13.311 13.718 12.296 14.698 18.209 17.768 17.713 20.994 23.177 22.638 23.551 27.148 27.836 27.271 29.796 32.659 32.747 32.862 36.013 37.868 37.502 39.160 41.952 42.909 43.453 45.473 48.127 48.432 47.423 49.036 49.745 54.875 53.444 54.550 9.172 6.773 10.255 10.264 7.310 10.392 12.928 10.658 9.425 14.962 16.731 15.581 16.859 20.328 19.617 18.088 23.258 25.714 25.590 24.182 29.866 29.921 28.478 33.479 35.547 35.967 34.608 39.122 39.895 40.805 43.309 45.874 43.071 42.665 41.874 39.245 37.707 37.749 35.892 33.374 33.333 32.861 29.960 28.568 29.067 27.178 24.349 24.732 24.586 21.618 20.000 21.242 20.203 16.753 16.931 18.410 16.049 13.695 15.436 16.787 11.220 10.945 15.550 15.959 12.512 9.099 14.129 15.540 18.082 21.589 21.577
45.906 45.378 44.400 41.937 41.708 40.307 37.886 37.001 36.006 33.890 32.098 31.488 29.950 27.516 26.609 25.914 23.478 21.796 21.194 19.596 17.052 16.243 15.647 13.254 11.367 11.170 10.105 6.982 6.222 7.055 4.754 0.000 4.820 5.818 9.420 8.869 7.862 11.470 13.550 13.096 13.801 17.319 18.329 18.055 20.249 23.194 23.432 23.469 26.750 28.351 27.905 29.614 32.688 33.501 33.310 35.933 38.292 38.302 39.416 42.062 43.613 44.124 45.612 48.449 49.233 48.284 49.353 50.151 55.098 53.217 54.393 9.914 6.471 10.508 10.766 8.561 11.559 13.926 11.188 11.670 16.556 18.053 17.341 19.001 22.026 20.853 20.300 25.144 27.410 27.454 26.618 31.705 31.338 31.018 35.515 37.315 38.003 37.356 41.016 41.401 43.165 45.801 47.869 44.795 44.223 43.509 40.987 39.307 39.239 37.519 34.983 34.706 34.223 31.466 29.910 30.183 28.384 25.621 25.675 25.398 22.587 20.839 21.626 20.600 17.259 16.823 17.857 15.748 12.995 14.419 15.440 10.020 9.664 13.083 13.426 9.681 6.909 10.689 11.684 14.068 17.571 17.717
42.725 42.694 41.544 39.417 39.085 37.275 35.242 34.655 33.129 30.847 29.733 29.016 26.820 24.663 24.461 23.192 20.246 19.475 19.180 16.582 13.980 14.696 13.863 10.113 9.501 10.791 8.426 3.993 7.154 8.547 4.742 4.820 0.000 6.132 6.653 4.343 5.973 9.394 9.657 9.781 11.878 14.508 14.807 15.659 18.106 20.090 20.504 21.529 24.390 25.412 25.597 27.753 30.199 30.860 31.386 33.985 35.780 36.071 37.689 39.970 41.243 42.221 43.892 46.290 46.975 46.372 47.774 48.953 53.911 52.301 53.852 11.921 7.585 11.819 10.685 9.452 12.388 13.973 8.907 12.332 16.055 15.969 15.624 18.403 20.612 17.973 18.845 23.940 24.941 24.793 25.120 29.497 28.263 28.090 33.014 34.713 34.835 34.918 38.757 38.191 39.730 43.213 44.927 42.186 41.505 41.183 38.739 36.718 36.814 35.501 32.685 32.109 32.087 29.519 27.425 27.758 26.508 23.504 23.031 23.260 20.879 18.436 19.080 18.854 15.552 14.386 16.013 14.699 11.523 12.630 14.405 10.851 8.199 12.204 13.801 10.802 7.642 10.620 10.925 13.975 17.232 16.768
43.421 42.894 41.260 39.019 39.386 37.570 34.763 34.582 33.875 31.056 29.306 29.582 27.828 24.611 24.448 24.512 21.308 19.179 20.020 18.677 14.827 14.461 15.743 12.789 9.333 11.483 11.936 7.190 6.339 10.551 9.290 5.818 6.132 0.000 5.660 7.464 5.190 6.359 10.002 10.732 9.716 12.605 15.002 14.957 15.826 19.094 20.312 19.862 22.413 24.722 24.798 25.784 28.645 30.204 30.129 32.063 34.607 35.252 36.064 38.244 40.289 41.089 42.066 44.776 46.050 45.440 46.100 47.322 52.025 49.854 51.452 9.435 3.643 8.420 8.042 7.753 10.264 12.005 7.703 12.466 15.338 15.142 15.959 18.630 20.476 17.110 19.710 23.967 24.238 24.695 25.890 29.300 27.363 28.166 32.858 34.059 34.376 35.146 38.486 37.286 39.231 42.839 44.392 41.547 40.560 40.357 38.145 35.912 35.800 34.750 31.956 30.985 30.965 28.696 26.364 26.344 25.323 22.482 21.414 21.605 19.608 16.981 17.016 16.987 13.929 12.198 13.505 11.833 8.946 9.869 11.267 6.533 5.539 8.857 9.860 6.337 3.348 6.996 7.745 11.100 14.290 14.080
42.214 42.409 40.341 38.662 39.048 36.548 34.196 34.633 33.276 30.042 29.289 29.639 26.934 23.936 24.957 24.410 20.370 19.468 20.970 18.420 14.336 16.076 17.184 12.788 10.878 14.468 13.570 8.256 10.582 14.219 11.341 9.420 6.653 5.660 0.000 5.177 7.049 5.784 6.661 10.042 10.348 10.877 13.143 15.114 15.588 17.414 19.511 20.273 21.776 23.588 24.818 26.077 27.933 29.616 30.546 32.147 33.996 35.267 36.602 38.116 39.986 41.480 42.493 44.586 45.912 45.850 46.779 48.558 53.175 51.212 53.326 15.543 9.401 14.131 12.141 11.841 14.467 15.484 9.580 15.231 17.868 16.299 16.661 19.537 21.419 17.374 20.005 24.384 24.451 24.395 26.033 29.330 27.134 27.384 32.525 33.780 33.617 34.545 38.202 36.750 38.086 42.131 43.763 41.318 40.451 40.507 38.238 35.887 36.050 35.187 32.201 31.243 31.606 29.361 26.789 27.027 26.350 23.319 21.462 22.808 21.028 18.083 18.263 18.811 15.919 13.788 15.505 14.778 11.452 11.771 13.691 11.249 7.869 10.816 12.673 10.163 6.593 8.447 6.763 8.984 11.933 9.485
39.417 39.714 38.229 36.413 36.217 33.990 32.105 31.968 30.189 27.548 26.946 26.474 23.744 21.523 22.121 20.740 17.137 16.942 17.437 14.265 11.116 13.289 13.076 8.281 8.242 11.336 9.184 4.436 8.986 11.417 8.473 8.869 4.343 7.464 5.177 0.000 5.420 7.256 5.568 6.818 9.672 11.113 11.073 13.024 15.238 16.428 17.281 18.942 21.214 21.963 22.796 25.049 26.933 27.696 28.779 31.134 32.559 33.244 35.117 36.987 38.204 39.591 41.227 43.270 44.033 43.777 45.275 46.840 51.707 50.209 52.135 16.149 10.791 14.523 11.916 11.229 13.713 13.945 8.479 12.914 15.736 14.410 13.903 16.904 18.973 15.235 16.874 21.642 22.100 21.568 22.908 26.617 24.853 24.447 29.741 31.337 31.012 31.542 35.506 34.461 35.553 39.479 41.215 38.856 38.222 38.230 35.788 33.565 33.932 32.923 29.875 29.214 29.679 27.220 24.754 25.357 24.622 21.395 19.847 21.566 19.576 16.638 17.457 18.135 15.003 13.313 15.469 15.218 11.996 12.374 14.533 12.914 8.633 12.944 15.051 12.876 9.298 11.323 10.168 13.388 16.284 14.597
38.617 38.139 36.796 34.498 34.571 32.868 30.311 29.865 28.934 26.383 24.729 24.628 22.853 19.958 19.647 19.379 16.330 14.451 15.003 13.495 9.808 9.723 10.858 7.792 4.353 7.531 8.115 3.792 4.670 8.997 8.743 7.862 5.973 5.190 7.049 5.420 0.000 5.176 7.249 5.847 6.130 9.881 10.758 10.400 12.552 15.382 15.751 15.904 18.973 20.537 20.384 22.085 24.887 25.841 25.953 28.376 30.561 30.885 32.124 34.463 36.052 36.875 38.279 40.869 41.780 41.128 42.206 43.420 48.280 46.498 48.123 12.760 7.201 10.820 8.269 7.755 10.221 10.943 5.210 10.472 13.109 11.395 11.743 14.570 16.412 12.637 15.339 19.461 19.667 19.812 21.338 24.568 22.648 23.191 27.979 29.280 29.436 30.210 33.696 32.507 34.295 37.902 39.499 36.790 35.945 35.830 33.519 31.279 31.389 30.370 27.437 26.613 26.865 24.497 22.059 22.414 21.593 18.484 17.176 18.339 16.370 13.451 14.148 14.772 11.682 9.955 12.113 11.959 8.820 9.280 11.604 9.439 5.675 10.599 12.836 11.331 7.636 10.879 10.557 14.788 17.214 16.434
38.180 37.884 35.747 33.841 34.552 32.263 29.415 29.891 29.129 25.749 24.417 25.302 23.104 19.454 20.304 20.703 16.738 14.770 17.045 15.596 10.777 11.798 14.503 11.054 7.401 11.951 13.000 8.448 9.228 14.065 13.311 11.470 9.394 6.359 5.784 7.256 5.176 0.000 5.485 7.230 4.982 6.288 9.598 10.323 10.146 13.011 15.057 14.874 16.579 18.976 19.798 20.597 22.868 24.784 25.250 26.734 28.989 30.193 31.161 32.811 34.938 36.209 37.023 39.349 40.822 40.640 41.297 43.034 47.586 45.503 47.617 15.474 9.359 12.797 10.200 10.144 12.504 12.315 6.395 12.218 14.787 12.777 13.844 16.608 18.069 13.054 17.515 20.851 20.219 20.610 23.095 25.394 22.642 23.752 28.557 29.382 29.427 30.934 34.063 32.195 33.948 37.947 39.439 36.907 35.854 36.017 33.907 31.409 31.493 30.853 27.854 26.658 27.154 25.127 22.340 22.494 22.138 19.149 16.656 18.576 17.202 14.004 14.081 15.232 12.457 10.167 12.068 12.170 8.968 8.600 10.664 10.453 5.773 8.980 11.499 11.118 7.533 8.625 7.263 11.579 13.722 13.024
35.671 36.122 34.022 32.541 32.830 30.104 28.051 28.670 26.979 23.643 23.413 23.736 20.593 17.768 19.471 18.651 14.156 14.075 16.180 13.168 8.824 12.320 13.811 9.084 8.376 13.173 12.486 8.466 11.891 15.491 13.718 13.550 9.657 10.002 6.661 5.568 7.249 5.485 0.000 5.399 7.205 6.178 6.729 10.030 10.995 11.435 13.412 15.292 16.515 17.445 19.134 20.992 22.262 23.552 25.101 26.848 28.093 29.429 31.281 32.585 34.041 35.856 37.166 38.891 39.982 40.143 41.458 43.502 48.143 46.583 48.969 18.194 12.159 15.385 12.584 12.576 14.876 14.147 8.159 13.714 16.051 13.424 13.574 16.400 17.917 12.787 16.451 20.046 19.500 19.088 21.777 24.205 21.528 21.678 26.974 28.069 27.570 28.962 32.394 30.745 31.782 36.093 37.720 35.598 34.807 35.159 32.893 30.392 30.850 30.274 27.092 26.120 27.006 24.876 21.995 22.620 22.510 19.292 16.369 19.497 18.177 14.863 15.494 17.048 14.286 11.994 14.070 14.404 11.328 10.726 13.138 13.291 8.206 12.082 14.661 14.151 10.539 11.786 10.161 14.189 16.272 14.539
33.191 33.127 31.776 29.742 29.602 27.598 25.502 25.215 23.721 21.126 20.172 19.835 17.420 14.915 15.342 14.407 10.796 10.129 11.138 8.564 4.428 7.315 8.479 4.387 4.074 8.605 8.598 6.562 9.436 12.438 12.296 13.096 9.781 10.732 10.042 6.818 5.847 7.230 5.399 0.000 5.416 7.556 5.574 6.398 9.841 10.964 10.733 12.510 15.358 15.719 16.055 18.652 20.728 21.121 22.046 24.699 26.109 26.499 28.436 30.505 31.567 32.817 34.604 36.719 37.341 36.979 38.560 40.105 45.008 43.689 45.647 17.006 12.218 14.507 11.215 10.756 12.873 11.664 6.241 10.728 13.054 10.147 10.166 12.931 14.452 9.532 12.951 16.614 16.256 16.001 18.525 21.004 18.643 19.019 24.026 25.220 25.035 26.203 29.622 28.195 29.668 33.549 35.161 32.761 31.999 32.159 29.831 27.445 27.846 27.084 23.946 23.121 23.874 21.595 18.850 19.599 19.316 16.012 13.664 16.591 15.084 11.832 12.982 14.559 11.973 9.413 11.834 13.281 10.016 10.310 13.052 14.056 9.022 13.599 16.302 16.116 12.887 14.244 12.820 16.944 18.993 17.203
34.125 33.440 31.614 29.397 30.039 28.129 25.102 25.222 24.778 21.648 19.796 20.681 19.014 15.191 15.502 16.417 12.890 10.044 12.563 12.113 7.207 7.336 11.218 9.099 4.786 9.608 11.980 9.223 9.306 13.886 14.698 13.801 11.878 9.716 10.348 9.672 6.130 4.982 7.205 5.416 0.000 5.278 7.139 5.686 6.458 10.082 10.957 10.257 12.960 15.168 15.196 16.257 19.027 20.522 20.595 22.524 24.901 25.635 26.607 28.648 30.592 31.578 32.620 35.142 36.389 35.965 36.740 38.296 42.967 41.062 43.052 16.274 10.426 12.108 9.009 9.891 11.731 9.848 3.936 10.262 12.334 9.234 10.460 13.157 14.039 8.460 14.119 16.786 15.584 16.434 19.082 20.963 17.893 19.833 24.162 24.686 25.027 26.884 29.569 27.505 29.763 33.503 34.884 32.182 31.025 31.196 29.169 26.615 26.645 26.105 23.106 21.807 22.398 20.480 17.567 17.769 17.659 14.654 11.778 14.351 13.306 9.922 10.301 12.045 9.387 7.060 9.088 9.988 7.083 6.648 9.362 10.718 5.849 10.065 12.780 13.555 10.705 12.038 11.259 15.835 17.510 17.241
