0.000 5.892 5.936 9.209 9.240 8.112 11.611 13.799 13.184 14.270 17.228 18.541 18.483 20.492 23.005 23.738 24.559 26.535 28.557 29.317 30.552 32.666 34.365 35.099 36.343 38.773 40.075 40.844 42.356 44.754 45.821 47.566 44.380 45.026 43.230 40.625 40.543 39.620 36.715 34.951 35.662 33.668 30.439 30.511 30.544 27.221 24.861 26.538 24.990 20.718 21.245 22.631 19.070 15.746 18.722 18.921 13.749 13.696 17.596 15.362 10.711 14.769 17.584 13.746 12.613 17.857 18.720 23.213 21.214 25.590 28.264
5.892 0.000 6.238 5.895 3.892 6.409 9.274 9.197 9.574 12.295 13.888 14.385 15.753 18.128 19.352 20.217 22.160 23.665 24.895 26.345 28.144 29.482 30.948 32.476 33.705 35.453 37.029 38.400 39.524 41.513 43.113 45.013 42.185 42.915 41.736 38.756 38.178 37.861 35.301 32.781 33.382 32.241 28.866 28.025 28.561 26.027 22.767 23.946 23.497 19.391 18.441 20.270 17.954 13.671 15.448 16.956 12.643 10.297 14.490 14.110 9.000 11.172 15.388 13.141 10.509 14.931 17.644 21.365 20.392 25.233 27.157
5.936 6.238 0.000 4.591 7.465 5.609 6.362 9.930 10.819 10.545 12.505 15.129 15.601 16.344 18.751 20.605 21.195 22.213 24.724 26.139 26.775 28.412 30.800 31.692 32.219 34.714 36.606 37.148 38.131 40.874 42.259 43.594 40.722 40.763 39.350 37.060 36.422 35.279 32.933 31.144 31.161 29.271 26.595 26.188 25.671 22.833 20.688 21.563 19.816 16.136 16.414 17.042 13.636 10.702 13.285 13.003 7.892 8.375 12.038 9.743 5.509 10.361 12.811 9.846 10.066 14.550 15.659 20.638 20.074 23.873 27.052
9.209 5.895 4.591 0.000 4.890 5.919 4.504 6.061 8.860 9.618 9.712 12.096 14.032 14.744 15.883 18.197 19.692 20.053 21.982 24.145 25.126 25.979 28.322 29.909 30.278 32.203 34.444 35.437 35.992 38.461 40.341 41.727 39.209 39.208 38.370 35.840 34.698 34.017 32.067 29.663 29.446 28.307 25.637 24.353 24.148 22.132 19.273 19.472 18.699 15.394 14.171 14.954 12.920 9.198 10.191 11.138 7.278 4.728 8.813 8.660 4.200 6.857 10.700 9.636 8.702 12.064 14.802 19.084 19.529 23.551 26.153
9.240 3.892 7.465 4.890 0.000 5.486 7.325 5.539 6.467 9.856 10.616 10.660 12.730 15.125 15.728 16.710 19.078 20.300 21.224 22.989 24.942 25.936 27.354 29.182 30.345 31.836 33.549 35.114 36.057 37.914 39.720 41.639 38.986 39.722 38.836 35.721 34.903 34.861 32.491 29.640 30.183 29.464 26.048 24.777 25.596 23.473 19.786 20.773 20.965 16.969 15.267 17.529 15.965 11.197 12.474 14.974 11.398 7.897 12.523 13.462 8.960 10.080 14.865 13.961 11.539 14.884 18.490 22.017 22.043 26.719 28.551
8.112 6.409 5.609 5.919 5.486 0.000 5.378 7.314 5.699 6.329 9.609 10.815 10.547 12.521 15.018 15.782 16.612 18.490 20.486 21.348 22.585 24.574 26.300 27.147 28.327 30.661 32.054 32.907 34.310 36.656 37.847 39.590 36.541 37.224 35.713 32.922 32.618 32.001 29.228 27.082 27.827 26.261 22.838 22.555 23.012 19.970 17.007 18.847 18.049 13.461 13.478 15.850 12.927 8.520 12.077 13.728 9.142 8.334 13.402 12.999 9.317 12.687 16.299 14.696 14.132 17.952 20.325 24.846 24.736 28.851 31.573
11.611 9.274 6.362 4.504 7.325 5.378 0.000 5.521 7.423 5.857 6.225 9.810 10.844 10.617 12.587 15.187 15.855 16.128 18.712 20.640 21.090 22.249 24.909 26.083 26.262 28.582 30.806 31.424 32.061 34.816 36.483 37.701 35.102 34.972 34.000 31.643 30.566 29.664 27.696 25.515 25.242 23.868 21.296 20.233 19.857 17.645 15.015 15.412 14.378 10.897 10.172 11.195 8.774 4.764 7.239 8.423 4.480 3.675 8.419 8.568 6.522 9.391 12.303 12.042 12.583 15.188 17.611 22.206 23.231 26.704 29.734
13.799 9.197 9.930 6.061 5.539 7.314 5.521 0.000 5.369 7.476 5.660 6.382 9.812 11.012 10.674 12.807 15.329 15.500 16.503 19.046 20.651 20.995 22.886 25.035 25.637 26.977 29.199 30.728 31.185 33.187 35.334 36.985 34.666 35.020 34.597 31.602 30.247 30.291 28.446 25.331 25.371 25.110 22.053 20.066 20.815 19.463 15.533 15.736 16.588 13.247 10.367 12.724 12.421 7.571 7.493 11.272 9.389 4.785 9.339 12.016 9.400 9.302 13.805 14.716 13.397 15.125 19.198 22.660 24.048 28.104 30.150
13.184 9.574 10.819 8.860 6.467 5.699 7.423 5.369 0.000 5.353 7.288 5.774 6.360 9.774 10.878 10.746 12.867 14.908 15.764 16.790 18.928 20.486 21.541 22.986 24.576 26.254 27.516 29.021 30.388 32.167 33.619 35.715 32.849 33.989 32.905 29.551 29.078 29.279 26.565 23.615 24.750 24.125 20.204 19.234 20.792 18.425 14.254 16.290 17.147 12.567 10.983 14.876 13.628 8.396 10.929 14.604 11.718 9.077 14.139 15.777 12.761 14.168 18.507 18.395 17.180 19.878 23.480 27.305 27.971 32.257 34.420
14.270 12.295 10.545 9.618 9.856 6.329 5.857 7.476 5.353 0.000 5.450 7.309 5.586 6.243 9.714 10.783 10.654 12.351 14.963 15.717 16.389 18.533 20.611 21.181 22.081 24.686 26.187 26.752 28.092 30.673 31.807 33.361 30.368 30.900 29.496 26.771 26.325 25.698 23.050 20.846 21.512 20.049 16.617 16.262 16.867 13.903 10.678 12.895 12.528 7.626 7.797 11.237 8.941 4.312 8.937 11.514 8.704 8.552 13.106 13.889 12.330 14.842 17.936 17.833 18.214 20.806 23.467 27.983 28.973 32.553 35.509
17.228 13.888 12.505 9.712 10.616 9.609 6.225 5.660 7.288 5.450 0.000 5.340 7.421 6.035 6.421 9.938 11.106 10.421 12.656 15.259 15.822 16.282 18.985 20.655 20.658 22.554 25.036 25.969 26.296 28.837 30.839 32.101 29.803 29.739 29.312 26.667 25.143 24.830 23.221 20.348 19.986 19.558 16.877 14.823 15.182 13.998 10.280 10.194 11.091 8.107 4.752 7.765 8.125 3.816 4.176 8.633 8.349 6.269 9.584 12.317 11.841 12.427 15.451 16.984 17.254 18.436 21.825 25.720 27.735 31.062 33.719
18.541 14.385 15.129 12.096 10.660 10.815 9.810 6.382 5.774 7.309 5.340 0.000 5.400 7.415 5.738 6.494 9.959 10.590 10.587 12.875 15.176 15.573 16.756 19.050 20.197 21.247 23.067 24.948 25.697 27.293 29.330 31.319 28.954 29.885 29.559 26.081 24.877 25.609 23.568 19.909 20.632 21.051 17.393 15.152 17.227 16.189 11.273 12.360 14.844 11.394 7.707 12.280 13.141 8.538 8.872 13.861 13.171 9.936 13.704 16.942 15.324 15.224 19.285 20.712 19.759 21.049 25.255 28.581 30.336 34.266 36.255
18.483 15.753 15.601 14.032 12.730 10.547 10.844 9.812 6.360 5.586 7.421 5.400 0.000 5.282 7.387 5.779 6.580 9.696 10.868 10.837 12.781 15.097 16.020 16.814 18.653 20.727 21.621 22.829 24.566 26.462 27.525 29.634 26.584 27.957 26.705 23.230 23.029 23.372 20.405 17.407 19.068 18.530 14.171 13.570 15.891 13.403 8.780 12.137 13.749 9.136 8.041 13.225 12.654 8.566 11.510 15.446 13.878 12.572 16.834 18.797 17.241 18.677 22.295 22.834 22.559 24.690 28.118 32.134 33.390 37.225 39.726
20.492 18.128 16.344 14.744 15.125 12.521 10.617 11.012 9.774 6.243 6.035 7.415 5.282 0.000 5.509 7.318 5.688 6.206 9.754 10.714 10.489 12.457 15.103 15.572 15.922 18.685 20.506 20.851 21.904 24.705 25.968 27.282 24.520 24.812 23.805 21.097 20.207 19.766 17.525 14.948 15.343 14.442 11.088 10.038 11.110 8.935 4.666 7.286 8.508 4.552 3.669 8.636 8.650 6.420 8.941 12.166 12.014 11.932 14.984 16.917 16.888 18.315 20.871 22.032 22.828 24.324 27.264 31.483 33.377 36.530 39.499
23.005 19.352 18.751 15.883 15.728 15.018 12.587 10.674 10.878 9.714 6.421 5.738 7.387 5.509 0.000 5.482 7.438 5.405 6.290 9.817 10.822 10.324 12.720 15.060 15.133 16.365 18.939 20.387 20.530 22.631 24.924 26.400 24.387 24.682 24.831 21.701 19.814 20.472 19.158 15.348 15.267 16.240 13.283 9.993 12.043 12.259 7.359 7.177 11.048 9.282 4.566 9.275 11.830 9.250 8.517 13.218 14.391 12.392 14.626 18.173 18.166 17.912 20.883 23.134 23.179 23.678 27.552 30.929 33.448 36.718 39.057
23.738 20.217 20.605 18.197 16.710 15.782 15.187 12.807 10.746 10.783 9.938 6.494 5.779 7.318 5.482 0.000 5.391 7.252 5.724 6.496 9.836 10.822 10.838 12.869 14.900 15.862 16.898 19.000 20.341 21.557 23.191 25.561 23.002 24.673 24.276 20.285 19.489 20.954 18.568 14.424 16.245 17.312 12.998 10.895 14.631 13.861 8.526 11.045 14.745 11.764 8.918 14.258 15.667 12.360 13.238 17.923 17.888 15.816 19.111 22.252 21.269 21.473 25.107 26.672 26.148 27.333 31.392 34.809 36.751 40.512 42.631
24.559 22.160 21.195 19.692 19.078 16.612 15.855 15.329 12.867 10.654 11.106 9.959 6.580 5.688 7.438 5.391 0.000 5.439 7.316 5.585 6.284 9.725 10.833 10.567 12.344 15.049 15.727 16.359 18.339 20.557 21.265 23.188 20.057 21.466 20.217 16.686 16.550 17.067 14.054 10.837 13.007 12.836 8.092 7.755 11.215 9.243 4.515 9.153 11.793 8.809 8.429 13.360 13.934 12.021 14.176 17.709 17.638 17.226 20.386 22.593 22.277 23.500 26.391 27.576 28.002 29.523 32.784 36.824 38.680 42.040 44.796
26.535 23.665 22.213 20.053 20.300 18.490 16.128 15.500 14.908 12.351 10.421 10.590 9.696 6.206 5.405 7.252 5.439 0.000 5.329 7.338 5.969 6.308 9.865 10.861 10.240 12.657 15.173 15.642 15.986 18.810 20.584 21.686 19.485 19.534 19.476 16.624 14.769 15.114 13.845 10.229 10.057 11.015 8.239 4.636 7.468 8.172 3.803 4.472 8.991 8.520 6.292 10.054 12.542 11.814 12.039 15.452 17.040 16.512 18.349 21.229 21.961 22.359 24.622 26.766 27.559 28.130 31.440 35.157 37.778 40.663 43.427
28.557 24.895 24.724 21.982 21.224 20.486 18.712 16.503 15.764 14.963 12.656 10.587 10.868 9.754 6.290 5.724 7.316 5.329 0.000 5.422 7.446 5.694 6.520 9.869 10.551 10.687 12.937 15.196 15.439 16.735 19.178 21.109 19.322 20.390 21.052 17.256 15.253 17.304 16.156 11.341 12.200 14.799 11.618 7.635 11.908 13.226 8.614 9.121 14.172 13.293 9.915 14.097 17.045 15.159 14.613 19.022 20.499 18.661 20.677 24.364 24.440 23.996 26.975 29.415 29.323 29.620 33.706 36.827 39.524 42.812 44.954
29.317 26.345 26.139 24.145 22.989 21.348 20.640 19.046 16.790 15.717 15.259 12.875 10.837 10.714 9.817 6.496 5.585 7.338 5.422 0.000 5.220 7.367 5.825 6.470 9.654 10.902 10.828 12.759 14.885 15.956 16.908 19.506 16.693 19.060 18.570 14.136 13.838 16.051 13.437 8.847 12.065 13.841 9.372 7.881 12.966 12.764 8.674 11.743 15.756 13.974 12.490 17.174 18.871 16.980 18.023 22.067 22.626 21.478 24.283 27.225 26.911 27.366 30.490 32.199 32.205 33.251 37.041 40.610 42.786 46.256 48.624
30.552 28.144 26.775 25.126 24.942 22.585 21.090 20.651 18.928 16.389 15.822 15.176 12.781 10.489 10.822 9.836 6.284 5.969 7.446 5.220 0.000 5.571 7.313 5.505 6.173 9.796 10.653 10.380 12.213 14.978 15.558 17.025 14.110 15.239 14.495 10.982 10.268 11.287 8.928 4.746 7.368 8.634 4.689 3.598 8.511 8.706 6.495 9.207 12.586 12.153 11.862 15.401 17.121 16.735 17.856 20.909 22.072 22.011 24.181 26.662 27.249 28.083 30.391 32.196 33.050 33.946 37.132 41.020 43.447 46.384 49.250
32.666 29.482 28.412 25.979 25.936 24.574 22.249 20.995 20.486 18.533 16.282 15.573 15.097 12.457 10.324 10.822 9.725 6.308 5.694 7.367 5.571 0.000 5.461 7.375 5.405 6.420 9.902 10.864 10.222 12.690 15.170 16.206 14.832 14.966 16.231 13.077 10.032 12.122 12.161 7.413 6.973 10.857 9.300 4.524 8.822 11.749 9.226 8.700 13.578 14.485 12.295 15.035 18.338 18.031 17.434 20.828 23.095 22.249 23.508 26.882 27.876 27.654 29.825 32.504 33.156 33.173 36.776 40.056 43.115 45.878 48.394
34.365 30.948 30.800 28.322 27.354 26.300 24.909 22.886 21.541 20.611 18.985 16.756 16.020 15.103 12.720 10.838 10.833 9.865 6.520 5.825 7.313 5.461 0.000 5.366 7.224 5.711 6.540 9.888 10.657 10.775 12.997 15.557 13.945 16.157 17.242 12.812 11.039 14.738 13.789 8.535 10.803 14.623 11.829 8.792 13.850 15.664 12.437 13.472 18.288 18.018 15.777 19.535 22.403 21.108 20.920 24.963 26.546 25.100 27.044 30.597 30.821 30.512 33.370 35.815 35.825 36.112 40.162 43.269 46.041 49.274 51.424
35.099 32.476 31.692 29.909 29.182 27.147 26.083 25.035 22.986 21.181 20.655 19.050 16.814 15.572 15.060 12.869 10.567 10.861 9.869 6.470 5.505 7.375 5.366 0.000 5.419 7.291 5.623 6.356 9.530 10.805 10.739 13.259 10.235 13.217 12.884 8.076 8.174 11.431 9.213 4.477 9.026 11.715 8.671 8.169 12.995 13.786 11.941 14.252 17.948 17.604 16.993 20.636 22.609 21.934 22.826 26.213 27.393 26.916 29.154 31.948 32.308 32.851 35.436 37.368 37.882 38.681 42.196 45.847 48.330 51.436 54.048
36.343 33.705 32.219 30.278 30.345 28.327 26.262 25.637 24.576 22.081 20.658 20.197 18.653 15.922 15.133 14.900 12.344 10.240 10.551 9.654 6.173 5.405 7.224 5.419 0.000 5.356 7.391 5.984 6.113 9.790 10.923 11.454 9.672 9.873 10.966 7.966 4.743 7.571 7.969 3.719 4.223 8.679 8.252 6.160 9.644 12.303 11.721 12.114 15.756 17.065 16.341 18.678 21.366 21.772 21.888 24.645 26.781 26.687 28.004 30.852 32.071 32.368 34.249 36.671 37.717 37.963 41.193 44.764 47.744 50.328 53.144
38.773 35.453 34.714 32.203 31.836 30.661 28.582 26.977 26.254 24.686 22.554 21.247 20.727 18.685 16.365 15.862 15.049 12.657 10.687 10.902 9.796 6.420 5.711 7.291 5.356 0.000 5.417 7.446 5.579 6.360 9.851 11.127 10.995 11.892 14.559 11.177 7.499 11.923 12.993 8.531 8.819 13.874 13.178 9.917 13.715 16.953 15.227 14.894 19.484 20.685 18.705 21.232 24.658 24.427 23.687 27.090 29.513 28.508 29.628 33.202 34.206 33.715 35.925 38.811 39.308 39.094 42.897 45.905 49.158 51.911 54.227
40.075 37.029 36.606 34.444 33.549 32.054 30.806 29.199 27.516 26.187 25.036 23.067 21.621 20.506 18.939 16.898 15.727 15.173 12.937 10.828 10.653 9.902 6.540 5.623 7.391 5.417 0.000 5.301 7.292 5.825 6.589 9.981 8.537 12.250 13.636 9.041 8.102 13.095 12.574 8.558 11.540 15.551 13.804 12.380 16.824 18.749 17.006 18.249 22.445 22.716 21.424 24.734 27.398 26.738 26.888 30.476 32.153 31.233 33.080 36.366 36.848 36.809 39.418 41.808 42.105 42.440 46.281 49.524 52.351 55.428 57.753
40.844 38.400 37.148 35.437 35.114 32.907 31.424 30.728 29.021 26.752 25.969 24.948 22.829 20.851 20.387 19.000 16.359 15.642 15.196 12.759 10.380 10.864 9.888 6.356 5.984 7.446 5.301 0.000 5.398 7.322 5.590 7.077 4.135 7.654 8.337 4.159 3.924 8.560 8.352 6.263 9.009 12.239 11.744 11.689 15.028 16.809 16.634 17.927 21.151 22.039 21.830 24.484 26.743 26.997 27.578 30.392 32.164 32.132 33.788 36.502 37.473 37.971 40.045 42.248 43.186 43.667 46.943 50.582 53.402 56.125 58.925
42.356 39.524 38.131 35.992 36.057 34.310 32.061 31.185 30.388 28.092 26.296 25.697 24.566 21.904 20.530 20.341 18.339 15.986 15.439 14.885 12.213 10.222 10.657 9.530 6.113 5.579 7.292 5.398 0.000 5.450 7.318 6.346 7.232 6.575 10.377 8.569 3.910 8.588 11.176 8.820 8.214 12.917 13.910 12.039 14.468 17.849 17.761 17.383 20.991 22.956 21.983 23.770 26.914 27.588 27.164 29.813 32.433 32.201 33.058 36.169 37.669 37.570 39.261 42.072 43.126 42.941 46.274 49.541 52.881 55.272 57.961
44.754 41.513 40.874 38.461 37.914 36.656 34.816 33.187 32.167 30.673 28.837 27.293 26.462 24.705 22.631 21.557 20.557 18.810 16.735 15.956 14.978 12.690 10.775 10.805 9.790 6.360 5.825 7.322 5.450 0.000 5.402 6.931 8.694 10.684 14.180 11.276 8.553 13.731 15.275 12.188 13.054 17.798 17.662 15.598 19.009 22.092 21.006 21.002 25.228 26.543 24.966 27.411 30.708 30.622 30.041 33.338 35.751 34.842 35.972 39.509 40.530 40.060 42.258 45.157 45.648 45.411 49.240 52.188 55.499 58.230 60.504
45.821 43.113 42.259 40.341 39.720 37.847 36.483 35.334 33.619 31.807 30.839 29.330 27.525 25.968 24.924 23.191 21.265 20.584 19.178 16.908 15.558 15.170 12.997 10.739 10.923 9.851 6.589 5.590 7.318 5.402 0.000 4.791 4.741 9.360 11.267 8.258 8.242 12.989 13.497 11.802 14.039 17.620 17.306 16.906 20.290 22.384 21.950 22.998 26.544 27.471 26.861 29.572 32.129 32.170 32.446 35.513 37.416 37.023 38.612 41.641 42.518 42.686 44.917 47.329 48.015 48.296 51.852 55.226 58.189 60.994 63.554
47.566 45.013 43.594 41.727 41.639 39.590 37.701 36.985 35.715 33.361 32.101 31.319 29.634 27.282 26.400 25.561 23.188 21.686 21.109 19.506 17.025 16.206 15.557 13.259 11.454 11.127 9.981 7.077 6.346 6.931 4.791 0.000 4.849 5.832 9.415 8.822 7.380 11.099 13.312 12.771 13.328 16.814 17.978 17.516 19.761 22.458 22.954 23.242 26.337 28.137 27.774 29.663 32.390 33.174 33.198 35.705 38.084 38.114 39.176 42.049 43.494 43.672 45.373 47.982 49.118 49.135 52.365 55.773 59.008 61.403 64.197
44.380 42.185 40.722 39.209 38.986 36.541 35.102 34.666 32.849 30.368 29.803 28.954 26.584 24.520 24.387 23.002 20.057 19.485 19.322 16.693 14.110 14.832 13.945 10.235 9.672 10.995 8.537 4.135 7.232 8.694 4.741 4.849 0.000 6.225 6.589 4.348 5.870 9.300 9.616 9.599 11.768 14.271 14.598 15.296 17.936 19.580 20.151 21.451 24.185 25.319 25.560 27.927 29.999 30.597 31.340 33.852 35.645 35.926 37.508 40.014 41.146 41.820 43.711 45.847 46.990 47.511 50.603 54.346 57.178 59.768 62.715
45.026 42.915 40.763 39.208 39.722 37.224 34.972 35.020 33.989 30.900 29.739 29.885 27.957 24.812 24.682 24.673 21.466 19.534 20.390 19.060 15.239 14.966 16.157 13.217 9.873 11.892 12.250 7.654 6.575 10.684 9.360 5.832 6.225 0.000 5.559 7.573 5.264 6.080 9.761 10.792 9.852 12.342 14.902 14.973 15.861 18.581 20.234 20.206 22.389 24.800 25.133 26.290 28.716 30.275 30.487 32.261 34.776 35.503 36.286 38.656 40.556 41.114 42.287 44.756 46.443 46.524 49.215 52.917 56.139 58.178 61.368
43.230 41.736 39.350 38.370 38.836 35.713 34.000 34.597 32.905 29.496 29.312 29.559 26.705 23.805 24.831 24.276 20.217 19.476 21.052 18.570 14.495 16.231 17.242 12.884 10.966 14.559 13.636 8.337 10.377 14.180 11.267 9.415 6.589 5.559 0.000 5.333 7.158 5.779 6.528 9.900 10.670 10.855 12.882 14.940 15.794 16.880 19.171 20.398 21.698 23.401 24.805 26.321 27.744 29.320 30.515 32.051 33.832 35.094 36.438 38.184 39.815 41.092 42.348 44.178 46.022 46.729 49.100 53.260 55.993 58.157 61.625
40.625 38.756 37.060 35.840 35.721 32.922 31.643 31.602 29.551 26.771 26.667 26.081 23.230 21.097 21.701 20.285 16.686 16.624 17.256 14.136 10.982 13.077 12.812 8.076 7.966 11.177 9.041 4.159 8.569 11.276 8.258 8.822 4.348 7.573 5.333 0.000 5.399 7.324 5.612 6.396 9.579 10.914 10.696 12.445 15.037 15.828 16.677 18.620 20.869 21.634 22.446 24.949 26.491 27.131 28.386 30.715 32.141 32.747 34.587 36.727 37.760 38.836 40.712 42.507 43.784 44.631 47.495 51.505 54.074 56.696 59.822
40.543 38.178 36.422 34.698 34.903 32.618 30.566 30.247 29.078 26.325 25.143 24.877 23.029 20.207 19.814 19.489 16.550 14.769 15.253 13.838 10.268 10.032 11.039 8.174 4.743 7.499 8.102 3.924 3.910 8.553 8.242 7.380 5.870 5.264 7.158 5.399 0.000 5.306 7.314 6.023 6.132 9.781 10.900 10.357 12.528 15.130 15.758 16.122 19.023 20.798 20.689 22.539 25.042 25.966 26.222 28.546 30.796 31.098 32.239 34.852 36.337 36.796 38.399 40.804 42.122 42.342 45.345 48.998 52.057 54.433 57.416
39.620 37.861 35.279 34.017 34.861 32.001 29.664 30.291 29.279 25.698 24.830 25.609 23.372 19.766 20.472 20.954 17.067 15.114 17.304 16.051 11.287 12.122 14.738 11.431 7.571 11.923 13.095 8.560 8.588 13.731 12.989 11.099 9.300 6.080 5.779 7.324 5.306 0.000 5.394 7.444 5.518 6.321 9.730 10.511 10.477 12.719 15.123 15.293 16.718 19.173 20.154 21.100 23.030 24.916 25.550 26.925 29.215 30.415 31.296 33.220 35.188 36.169 37.172 39.325 41.277 41.639 43.992 47.999 50.987 52.974 56.409
36.715 35.301 32.933 32.067 32.491 29.228 27.696 28.446 26.565 23.050 23.221 23.568 20.405 17.525 19.158 18.568 14.054 13.845 16.156 13.437 8.928 12.161 13.789 9.213 7.969 12.993 12.574 8.352 11.176 15.275 13.497 13.312 9.616 9.761 6.528 5.612 7.314 5.394 0.000 5.273 7.290 5.952 6.460 9.660 10.921 10.857 12.959 15.039 16.181 17.151 18.864 20.856 21.826 23.078 24.734 26.406 27.721 29.004 30.747 32.331 33.641 35.169 36.650 38.179 39.904 40.932 43.306 47.620 50.055 52.444 55.901
34.951 32.781 31.144 29.663 29.640 27.082 25.515 25.331 23.615 20.846 20.348 19.909 17.407 14.948 15.348 14.424 10.837 10.229 11.341 8.847 4.746 7.413 8.535 4.477 3.719 8.531 8.558 6.263 8.820 12.188 11.802 12.771 9.599 10.792 9.900 6.396 6.023 7.444 5.273 0.000 5.463 7.391 5.588 6.174 9.755 10.706 10.555 12.473 15.290 15.834 16.121 18.881 20.667 21.010 22.049 24.638 26.119 26.448 28.288 30.629 31.587 32.481 34.463 36.362 37.504 38.272 41.268 45.193 47.780 50.485 53.499
35.662 33.382 31.161 29.446 30.183 27.827 25.242 25.371 24.750 21.512 19.986 20.632 19.068 15.343 15.267 16.245 13.007 10.057 12.200 12.065 7.368 6.973 10.803 9.026 4.223 8.819 11.540 9.009 8.214 13.054 14.039 13.328 11.768 9.852 10.670 9.579 6.132 5.518 7.290 5.463 0.000 5.395 7.369 5.556 6.441 9.908 10.899 10.365 13.028 15.400 15.330 16.578 19.183 20.558 20.649 22.579 25.072 25.663 26.507 28.944 30.743 31.283 32.560 34.988 36.591 36.749 39.487 43.250 46.339 48.528 51.680
33.668 32.241 29.271 28.307 29.464 26.261 23.868 25.110 24.125 20.049 19.558 21.051 18.530 14.442 16.240 17.312 12.836 11.015 14.799 13.841 8.634 10.857 14.623 11.715 8.679 13.874 15.551 12.239 12.917 17.798 17.620 16.814 14.271 12.342 10.855 10.914 9.781 6.321 5.952 7.391 5.395 0.000 5.398 7.183 5.635 6.504 9.941 10.556 10.871 13.140 14.948 15.779 16.993 19.120 20.318 21.321 23.223 24.883 25.979 27.419 29.339 30.781 31.703 33.466 35.604 36.317 38.373 42.683 45.361 47.384 51.007
30.439 28.866 26.595 25.637 26.048 22.838 21.296 22.053 20.204 16.617 16.877 17.393 14.171 11.088 13.283 12.998 8.092 8.239 11.618 9.372 4.689 9.300 11.829 8.671 8.252 13.178 13.804 11.744 13.910 17.662 17.306 17.978 14.598 14.902 12.882 10.696 10.900 9.730 6.460 5.588 7.369 5.398 0.000 5.361 7.299 5.638 6.602 9.784 11.056 10.992 12.696 15.329 16.024 16.729 18.673 20.651 21.590 22.678 24.766 26.370 27.348 28.937 30.690 32.063 33.577 34.791 37.284 41.627 43.866 46.487 49.835
30.511 28.025 26.188 24.353 24.777 22.555 20.233 20.066 19.234 16.262 14.823 15.152 13.570 10.038 9.993 10.895 7.755 4.636 7.635 7.881 3.598 4.524 8.792 8.169 6.160 9.917 12.380 11.689 12.039 15.598 16.906 17.516 15.296 14.973 14.940 12.445 10.357 10.511 9.660 6.174 5.556 7.183 5.361 0.000 5.298 7.281 5.813 6.364 10.069 11.007 10.353 12.875 15.280 15.668 16.070 18.716 20.634 20.772 22.243 24.821 26.018 26.614 28.441 30.624 31.817 32.299 35.316 39.128 41.899 44.500 47.476
30.544 28.561 25.671 24.148 25.596 23.012 19.857 20.815 20.792 16.867 15.182 17.227 15.891 11.110 12.043 14.631 11.215 7.468 11.908 12.966 8.511 8.822 13.850 12.995 9.644 13.715 16.824 15.028 14.468 19.009 20.290 19.761 17.936 15.861 15.794 15.037 12.528 10.477 10.921 9.755 6.441 5.635 7.299 5.298 0.000 5.424 7.300 5.371 6.654 9.994 10.449 10.625 12.988 15.131 15.306 16.472 19.088 20.285 20.864 22.824 24.980 25.849 26.695 28.955 30.975 31.235 33.522 37.548 40.528 42.521 45.944
27.221 26.027 22.833 22.132 23.473 19.970 17.645 19.463 18.425 13.903 13.998 16.189 13.403 8.935 12.259 13.861 9.243 8.172 13.226 12.764 8.706 11.749 15.664 13.786 12.303 16.953 18.749 16.809 17.849 22.092 22.384 22.458 19.580 18.581 16.880 15.828 15.130 12.719 10.857 10.706 9.908 6.504 5.638 7.281 5.424 0.000 5.368 7.258 5.940 6.769 9.796 11.006 11.020 12.965 15.057 15.928 17.051 19.025 20.642 21.626 23.190 25.126 26.222 27.482 29.596 30.785 32.697 37.275 39.529 41.780 45.459
24.861 22.767 20.688 19.273 19.786 17.007 15.015 15.533 14.254 10.678 10.280 11.273 8.780 4.666 7.359 8.526 4.515 3.803 8.614 8.674 6.495 9.226 12.437 11.941 11.721 15.227 17.006 16.634 17.761 21.006 21.950 22.954 20.151 20.234 19.171 16.677 15.758 15.123 12.959 10.555 10.899 9.941 6.602 5.813 7.300 5.368 0.000 5.433 7.401 5.724 6.219 9.901 10.755 10.469 12.275 14.873 15.663 16.169 18.470 20.407 21.088 22.421 24.482 25.951 27.148 28.321 31.086 35.299 37.507 40.340 43.473
26.538 23.946 21.563 19.472 20.773 18.847 15.412 15.736 16.290 12.895 10.194 12.360 12.137 7.286 7.177 11.045 9.153 4.472 9.121 11.743 9.207 8.700 13.472 14.252 12.114 14.894 18.249 17.927 17.383 21.002 22.998 23.242 21.451 20.206 20.398 18.620 16.122 15.293 15.039 12.473 10.365 10.556 9.784 6.364 5.371 7.258 5.433 0.000 5.467 7.436 5.522 6.581 9.931 10.881 10.307 12.537 15.173 15.430 16.191 18.819 20.547 20.943 22.304 24.765 26.263 26.435 29.228 33.036 35.993 38.342 41.428
24.990 23.497 19.816 18.699 20.965 18.049 14.378 16.588 17.147 12.528 11.091 14.844 13.749 8.508 11.048 14.745 11.793 8.991 14.172 15.756 12.586 13.578 18.288 17.948 15.756 19.484 22.445 21.151 20.991 25.228 26.544 26.337 24.185 22.389 21.698 20.869 19.023 16.718 16.181 15.290 13.028 10.871 11.056 10.069 6.654 5.940 7.401 5.467 0.000 5.413 7.223 5.641 6.504 9.843 10.645 10.527 12.838 15.014 15.549 16.603 18.998 20.522 20.961 22.731 25.203 25.833 27.544 31.981 34.618 36.521 40.247
20.718 19.391 16.136 15.394 16.969 13.461 10.897 13.247 12.567 7.626 8.107 11.394 9.136 4.552 9.282 11.764 8.809 8.520 13.293 13.974 12.153 14.485 18.018 17.604 17.065 20.685 22.716 22.039 22.956 26.543 27.471 28.137 25.319 24.800 23.401 21.634 20.798 19.173 17.151 15.834 15.400 13.140 10.992 11.007 9.994 6.769 5.724 7.436 5.413 0.000 5.405 7.323 5.569 6.296 9.560 10.641 10.638 12.565 14.892 15.634 16.579 18.828 20.325 21.173 23.011 24.608 26.606 31.292 33.169 35.773 39.322
21.245 18.441 16.414 14.171 15.267 13.478 10.172 10.367 10.983 7.797 4.752 7.707 8.041 3.669 4.566 8.918 8.429 6.292 9.915 12.490 11.862 12.295 15.777 16.993 16.341 18.705 21.424 21.830 21.983 24.966 26.861 27.774 25.560 25.133 24.805 22.446 20.689 20.154 18.864 16.121 15.330 14.948 12.696 10.353 10.449 9.796 6.219 5.522 7.223 5.405 0.000 5.472 7.320 5.873 6.101 9.578 10.862 10.425 12.395 14.999 15.736 16.407 18.553 20.481 21.469 22.235 25.273 29.233 31.663 34.525 37.454
22.631 20.270 17.042 14.954 17.529 15.850 11.195 12.724 14.876 11.237 7.765 12.280 13.225 8.636 9.275 14.258 13.360 10.054 14.097 17.174 15.401 15.035 19.535 20.636 18.678 21.232 24.734 24.484 23.770 27.411 29.572 29.663 27.927 26.290 26.321 24.949 22.539 21.100 20.856 18.881 16.578 15.779 15.329 12.875 10.625 11.006 9.901 6.581 5.641 7.323 5.472 0.000 5.339 7.444 5.645 6.054 9.711 10.628 10.314 12.505 15.025 15.518 16.074 18.617 20.682 20.700 22.940 26.952 29.937 31.978 35.329
19.070 17.954 13.636 12.920 15.965 12.927 8.774 12.421 13.628 8.941 8.125 13.141 12.654 8.650 11.830 15.667 13.934 12.542 17.045 18.871 17.121 18.338 22.403 22.609 21.366 24.658 27.398 26.743 26.914 30.708 32.129 32.390 29.999 28.716 27.744 26.491 25.042 23.030 21.826 20.667 19.183 16.993 16.024 15.280 12.988 11.020 10.755 9.931 6.504 5.569 7.320 5.339 0.000 5.273 7.322 5.728 6.444 9.772 10.791 10.659 12.785 15.163 15.580 16.552 19.190 20.456 21.779 26.615 28.689 30.811 34.654
15.746 13.671 10.702 9.198 11.197 8.520 4.764 7.571 8.396 4.312 3.816 8.538 8.566 6.420 9.250 12.360 12.021 11.814 15.159 16.980 16.735 18.031 21.108 21.934 21.772 24.427 26.738 26.997 27.588 30.622 32.170 33.174 30.597 30.275 29.320 27.131 25.966 24.916 23.078 21.010 20.558 19.120 16.729 15.668 15.131 12.965 10.469 10.881 9.843 6.296 5.873 7.444 5.273 0.000 5.430 7.280 5.674 6.395 9.751 10.716 10.649 12.796 14.994 15.678 16.893 18.704 21.100 25.653 27.301 30.333 33.554
18.722 15.448 13.285 10.191 12.474 12.077 7.239 7.493 10.929 8.937 4.176 8.872 11.510 8.941 8.517 13.238 14.176 12.039 14.613 18.023 17.856 17.434 20.920 22.826 21.888 23.687 26.888 27.578 27.164 30.041 32.446 33.198 31.340 30.487 30.515 28.386 26.222 25.550 24.734 22.049 20.649 20.318 18.673 16.070 15.306 15.057 12.275 10.307 10.645 9.560 6.101 5.645 7.322 5.430 0.000 5.362 7.390 5.574 6.348 9.864 10.905 10.640 12.613 15.142 16.064 16.267 19.435 23.177 25.861 28.638 31.451
18.921 16.956 13.003 11.138 14.974 13.728 8.423 11.272 14.604 11.514 8.633 13.861 15.446 12.166 13.218 17.923 17.709 15.452 19.022 22.067 20.909 20.828 24.963 26.213 24.645 27.090 30.476 30.392 29.813 33.338 35.513 35.705 33.852 32.261 32.051 30.715 28.546 26.925 26.406 24.638 22.579 21.321 20.651 18.716 16.472 15.928 14.873 12.537 10.527 10.641 9.578 6.054 5.728 7.280 5.362 0.000 5.419 7.249 5.659 6.513 9.884 10.787 10.439 12.710 15.366 15.533 17.082 21.470 24.199 26.113 29.721
13.749 12.643 7.892 7.278 11.398 9.142 4.480 9.389 11.718 8.704 8.349 13.171 13.878 12.014 14.391 17.888 17.638 17.040 20.499 22.626 22.072 23.095 26.546 27.393 26.781 29.513 32.153 32.164 32.433 35.751 37.416 38.084 35.645 34.776 33.832 32.141 30.796 29.215 27.721 26.119 25.072 23.223 21.590 20.634 19.088 17.051 15.663 15.173 12.838 10.638 10.862 9.711 6.444 5.674 7.390 5.419 0.000 5.456 7.306 5.572 6.421 9.858 10.665 10.557 12.964 15.017 16.218 21.284 22.706 25.308 29.011
13.696 10.297 8.375 4.728 7.897 8.334 3.675 4.785 9.077 8.552 6.269 9.936 12.572 11.932 12.392 15.816 17.226 16.512 18.661 21.478 22.011 22.249 25.100 26.916 26.687 28.508 31.233 32.132 32.201 34.842 37.023 38.114 35.926 35.503 35.094 32.747 31.098 30.415 29.004 26.448 25.663 24.883 22.678 20.772 20.285 19.025 16.169 15.430 15.014 12.565 10.425 10.628 9.772 6.395 5.574 7.249 5.456 0.000 5.245 7.291 5.886 6.498 9.766 10.913 11.065 12.521 15.696 19.756 21.502 24.897 27.613
17.596 14.490 12.038 8.813 12.523 13.402 8.419 9.339 14.139 13.106 9.584 13.704 16.834 14.984 14.626 19.111 20.386 18.349 20.677 24.283 24.181 23.508 27.044 29.154 28.004 29.628 33.080 33.788 33.058 35.972 38.612 39.176 37.508 36.286 36.438 34.587 32.239 31.296 30.747 28.288 26.507 25.979 24.766 22.243 20.864 20.642 18.470 16.191 15.549 14.892 12.395 10.314 10.791 9.751 6.348 5.659 7.306 5.245 0.000 5.492 7.393 5.644 6.339 9.849 11.074 10.387 13.276 16.925 19.895 22.387 25.259
15.362 14.110 9.743 8.660 13.462 12.999 8.568 12.016 15.777 13.889 12.317 16.942 18.797 16.917 18.173 22.252 22.593 21.229 24.364 27.225 26.662 26.882 30.597 31.948 30.852 33.202 36.366 36.502 36.169 39.509 41.641 42.049 40.014 38.656 38.184 36.727 34.852 33.220 32.331 30.629 28.944 27.419 26.370 24.821 22.824 21.626 20.407 18.819 16.603 15.634 14.999 12.505 10.659 10.716 9.864 6.513 5.572 7.291 5.492 0.000 5.234 7.266 5.592 6.262 9.838 10.773 11.128 16.200 18.153 20.184 24.052
10.711 9.000 5.509 4.200 8.960 9.317 6.522 9.400 12.761 12.330 11.841 15.324 17.241 16.888 18.166 21.269 22.277 21.961 24.440 26.911 27.249 27.876 30.821 32.308 32.071 34.206 36.848 37.473 37.669 40.530 42.518 43.494 41.146 40.556 39.815 37.760 36.337 35.188 33.641 31.587 30.743 29.339 27.348 26.018 24.980 23.190 21.088 20.547 18.998 16.579 15.736 15.025 12.785 10.649 10.905 9.884 6.421 5.886 7.393 5.234 0.000 5.516 7.344 5.670 6.640 9.801 11.290 16.181 16.865 20.242 23.451
14.769 11.172 10.361 6.857 10.080 12.687 9.391 9.302 14.168 14.842 12.427 15.224 18.677 18.315 17.912 21.473 23.500 22.359 23.996 27.366 28.083 27.654 30.512 32.851 32.368 33.715 36.809 37.971 37.570 40.060 42.686 43.672 41.820 41.114 41.092 38.836 36.796 36.169 35.169 32.481 31.283 30.781 28.937 26.614 25.849 25.126 22.421 20.943 20.522 18.828 16.407 15.518 15.163 12.796 10.640 10.787 9.858 6.498 5.644 7.266 5.516 0.000 5.351 7.371 6.030 6.060 10.205 13.476 15.542 19.094 21.317
17.584 15.388 12.811 10.700 14.865 16.299 12.303 13.805 18.507 17.936 15.451 19.285 22.295 20.871 20.883 25.107 26.391 24.622 26.975 30.490 30.391 29.825 33.370 35.436 34.249 35.925 39.418 40.045 39.261 42.258 44.917 45.373 43.711 42.287 42.348 40.712 38.399 37.172 36.650 34.463 32.560 31.703 30.690 28.441 26.695 26.222 24.482 22.304 20.961 20.325 18.553 16.074 15.580 14.994 12.613 10.439 10.665 9.766 6.339 5.592 7.344 5.351 0.000 5.442 7.508 5.855 7.032 11.066 14.036 16.085 19.305
13.746 13.141 9.846 9.636 13.961 14.696 12.042 14.716 18.395 17.833 16.984 20.712 22.834 22.032 23.134 26.672 27.576 26.766 29.415 32.199 32.196 32.504 35.815 37.368 36.671 38.811 41.808 42.248 42.072 45.157 47.329 47.982 45.847 44.756 44.178 42.507 40.804 39.325 38.179 36.362 34.988 33.466 32.063 30.624 28.955 27.482 25.951 24.765 22.731 21.173 20.481 18.617 16.552 15.678 15.142 12.710 10.557 10.913 9.849 6.262 5.670 7.371 5.442 0.000 5.360 7.630 6.188 11.805 12.364 14.929 18.778
12.613 10.509 10.066 8.702 11.539 14.132 12.583 13.397 17.180 18.214 17.254 19.759 22.559 22.828 23.179 26.148 28.002 27.559 29.323 32.205 33.050 33.156 35.825 37.882 37.717 39.308 42.105 43.186 43.126 45.648 48.015 49.118 46.990 46.443 46.022 43.784 42.122 41.277 39.904 37.504 36.591 35.604 33.577 31.817 30.975 29.596 27.148 26.263 25.203 23.011 21.469 20.682 19.190 16.893 16.064 15.366 12.964 11.065 11.074 9.838 6.640 6.030 7.508 5.360 0.000 5.436 7.332 10.986 10.851 15.191 17.485
17.857 14.931 14.550 12.064 14.884 17.952 15.188 15.125 19.878 20.806 18.436 21.049 24.690 24.324 23.678 27.333 29.523 28.130 29.620 33.251 33.946 33.173 36.112 38.681 37.963 39.094 42.440 43.667 42.941 45.411 48.296 49.135 47.511 46.524 46.729 44.631 42.342 41.639 40.932 38.272 36.749 36.317 34.791 32.299 31.235 30.785 28.321 26.435 25.833 24.608 22.235 20.700 20.456 18.704 16.267 15.533 15.017 12.521 10.387 10.773 9.801 6.060 5.855 7.630 5.436 0.000 6.043 7.560 10.238 13.697 15.384
18.720 17.644 15.659 14.802 18.490 20.325 17.611 19.198 23.480 23.467 21.825 25.255 28.118 27.264 27.552 31.392 32.784 31.440 33.706 37.041 37.132 36.776 40.162 42.196 41.193 42.897 46.281 46.943 46.274 49.240 51.852 52.365 50.603 49.215 49.100 47.495 45.345 43.992 43.306 41.268 39.487 38.373 37.284 35.316 33.522 32.697 31.086 29.228 27.544 26.606 25.273 22.940 21.779 21.100 19.435 17.082 16.218 15.696 13.276 11.128 11.290 10.205 7.032 6.188 7.332 6.043 0.000 5.897 7.510 9.271 12.979
23.213 21.365 20.638 19.084 22.017 24.846 22.206 22.660 27.305 27.983 25.720 28.581 32.134 31.483 30.929 34.809 36.824 35.157 36.827 40.610 41.020 40.056 43.269 45.847 44.764 45.905 49.524 50.582 49.541 52.188 55.226 55.773 54.346 52.917 53.260 51.505 48.998 47.999 47.620 45.193 43.250 42.683 41.627 39.128 37.548 37.275 35.299 33.036 31.981 31.292 29.233 26.952 26.615 25.653 23.177 21.470 21.284 19.756 16.925 16.200 16.181 13.476 11.066 11.805 10.986 7.560 5.897 0.000 5.896 7.102 8.467
21.214 20.392 20.074 19.529 22.043 24.736 23.231 24.048 27.971 28.973 27.735 30.336 33.390 33.377 33.448 36.751 38.680 37.778 39.524 42.786 43.447 43.115 46.041 48.330 47.744 49.158 52.351 53.402 52.881 55.499 58.189 59.008 57.178 56.139 55.993 54.074 52.057 50.987 50.055 47.780 46.339 45.361 43.866 41.899 40.528 39.529 37.507 35.993 34.618 33.169 31.663 29.937 28.689 27.301 25.861 24.199 22.706 21.502 19.895 18.153 16.865 15.542 14.036 12.364 10.851 10.238 7.510 5.896 0.000 5.780 7.097
25.590 25.233 23.873 23.551 26.719 28.851 26.704 28.104 32.257 32.553 31.062 34.266 37.225 36.530 36.718 40.512 42.040 40.663 42.812 46.256 46.384 45.878 49.274 51.436 50.328 51.911 55.428 56.125 55.272 58.230 60.994 61.403 59.768 58.178 58.157 56.696 54.433 52.974 52.444 50.485 48.528 47.384 46.487 44.500 42.521 41.780 40.340 38.342 36.521 35.773 34.525 31.978 30.811 30.333 28.638 26.113 25.308 24.897 22.387 20.184 20.242 19.094 16.085 14.929 15.191 13.697 9.271 7.102 5.780 0.000 5.876
28.264 27.157 27.052 26.153 28.551 31.573 29.734 30.150 34.420 35.509 33.719 36.255 39.726 39.499 39.057 42.631 44.796 43.427 44.954 48.624 49.250 48.394 51.424 54.048 53.144 54.227 57.753 58.925 57.961 60.504 63.554 64.197 62.715 61.368 61.625 59.822 57.416 56.409 55.901 53.499 51.680 51.007 49.835 47.476 45.944 45.459 43.473 41.428 40.247 39.322 37.454 35.329 34.654 33.554 31.451 29.721 29.011 27.613 25.259 24.052 23.451 21.317 19.305 18.778 17.485 15.384 12.979 8.467 7.097 5.876 0.000
