21.9985 21.9995 22.0000 21.9998 21.9996 21.9998 21.9980 21.9912 21.9964 21.9948 21.9283 21.9422 21.9667 21.7502 20.6888 21.5884 21.4708 19.0264 18.3225 19.5437 17.7718 13.9529 14.8129 15.5929 11.8995 9.2778 11.6825 10.7357 6.7537 7.1047 10.1146 10.2443 11.5167 8.9191 12.9667 15.2550 11.6280 12.0015 16.4985 16.7632 12.2164 16.3085 19.6738 17.4273 16.8535 20.8271 21.2824 19.1954 21.1704 21.8723 21.5925 21.5203 21.9654 21.9835 21.9103 21.9771 21.9980 21.9939 21.9906 21.9997 22.0000 21.9996 21.9995 22.0000 22.0000 22.0000 22.0000 22.0000 22.0000 22.0000 21.9998
21.9995 21.9998 21.9998 21.9997 21.9998 21.9999 21.9972 21.9639 21.9825 21.9545 21.5330 21.6727 21.7377 20.7280 18.5536 20.1741 19.3677 16.0483 15.6278 16.7598 14.9454 11.0960 12.3434 13.0869 9.4418 7.2174 9.8030 9.4902 5.0404 5.7713 9.0253 9.2031 10.2692 7.6974 11.9707 13.5514 8.9855 9.8571 14.3089 14.3789 9.3406 13.9581 17.1695 14.5441 14.1182 18.7569 19.6505 16.4986 19.8237 21.5054 20.6009 20.4448 21.7829 21.8982 21.6042 21.8890 21.9947 21.9877 21.9804 21.9996 22.0000 21.9996 21.9995 22.0000 22.0000 22.0000 22.0000 22.0000 22.0000 22.0000 22.0000
22.0000 21.9998 21.9997 21.9965 21.9985 21.9994 21.9894 21.8932 21.9767 21.9356 21.1793 21.4456 21.6218 20.3084 17.6363 19.9639 19.2427 15.4286 15.4271 17.3884 15.4547 11.1099 13.5581 14.5728 10.8731 8.8708 12.3553 12.5014 7.5522 9.1171 12.9350 13.2583 14.0636 11.2175 14.9889 15.7602 10.8563 11.7977 15.6393 14.8706 9.6771 14.2905 16.9930 13.9080 12.9567 17.9780 18.5769 14.8236 17.9394 20.7800 19.4909 18.2368 21.1022 21.6508 20.6697 21.3581 21.9482 21.9363 21.8566 21.9934 21.9992 21.9930 21.9968 22.0000 22.0000 22.0000 22.0000 22.0000 22.0000 22.0000 22.0000
21.9998 21.9997 21.9965 21.9797 21.9898 21.9916 21.8864 21.6325 21.8250 21.3597 19.6726 20.2478 20.2094 17.6009 15.2388 17.3769 16.1391 12.2672 12.6051 14.6381 12.2476 8.3083 11.0870 12.1691 8.3630 6.9934 10.6492 10.4774 5.4919 7.5068 11.2606 11.4905 11.7094 9.0511 12.3939 12.4637 7.2103 8.2756 12.0540 10.8853 5.8402 10.3238 13.1721 9.8504 9.0702 14.2047 15.0817 11.3954 14.6068 18.0228 16.6175 15.9195 19.6003 20.8855 19.1861 20.4359 21.8056 21.7722 21.6217 21.9532 21.9909 21.9703 21.9953 21.9999 22.0000 21.9999 22.0000 22.0000 22.0000 22.0000 22.0000
21.9996 21.9998 21.9985 21.9898 21.9832 21.9923 21.9127 21.7021 21.8230 21.3485 19.6598 20.2850 19.9249 17.3184 14.7639 16.1511 15.1494 11.7307 10.9543 12.2602 10.4893 6.9597 7.7893 8.7687 6.0399 3.7860 6.6033 7.1548 3.7798 4.0833 7.1730 8.0364 8.7378 6.4586 10.0303 10.2802 5.8069 7.7544 11.3761 10.3646 6.0272 10.8578 13.6511 10.2963 10.8956 15.4934 15.9871 12.7112 16.5583 19.3563 17.4371 17.9704 21.0910 21.5487 20.3643 21.5906 21.9724 21.9634 21.9370 21.9977 21.9996 21.9977 21.9996 22.0000 22.0000 22.0000 22.0000 22.0000 22.0000 22.0000 22.0000
21.9998 21.9999 21.9994 21.9916 21.9923 21.9810 21.9106 21.4858 21.6824 21.3741 19.1264 19.5916 20.0053 17.6370 14.3736 16.2841 16.3135 12.6713 11.6721 14.1800 13.2290 8.7298 10.0305 12.2828 9.4822 6.4554 10.1098 11.2228 6.9089 7.6096 11.7460 13.3082 14.0927 12.0349 15.4328 15.4361 10.8097 12.6641 15.5933 13.9165 9.6467 14.1169 16.1384 12.2411 12.8574 17.0615 16.7019 12.8806 17.1190 19.8350 17.0466 17.0006 20.8442 21.3482 19.2781 21.1419 21.9136 21.9054 21.7821 21.9928 21.9993 21.9934 21.9996 22.0000 22.0000 22.0000 22.0000 22.0000 22.0000 22.0000 22.0000
21.9980 21.9972 21.9894 21.8864 21.9127 21.9106 21.1385 20.2156 20.7749 19.8981 16.8119 17.4043 18.0990 15.4036 12.0384 14.9281 14.8263 10.7156 10.4375 13.6832 12.0331 7.4010 10.6403 12.8811 9.7084 7.4508 11.7513 12.9649 8.4413 10.5131 14.2982 15.8349 16.2055 14.4281 17.0095 16.3265 11.8995 13.5287 15.5178 12.9465 8.7560 12.9141 14.2424 9.4128 10.1309 14.3403 13.4977 9.4868 13.6108 16.7903 13.6087 13.0580 17.6350 19.3364 16.4606 18.5781 21.1926 20.8065 20.0876 21.7079 21.9477 21.7750 21.9398 21.9985 21.9997 21.9956 21.9994 22.0000 22.0000 22.0000 22.0000
21.9912 21.9639 21.8932 21.6325 21.7021 21.4858 20.2156 18.9489 19.6016 17.8474 15.0207 15.3760 15.2238 12.1652 9.4517 11.7046 10.7010 7.2021 6.7820 9.2415 7.3573 3.8901 6.5279 8.4013 5.5319 4.0613 8.3548 8.9403 5.1937 7.9911 11.3750 12.0946 11.7440 9.8409 11.9994 10.7215 6.5377 8.2841 10.0385 7.4066 4.1608 8.0725 9.1570 4.7186 6.4892 10.3648 9.9011 7.0141 11.3147 14.1358 11.6205 12.5581 16.7977 18.0126 15.6991 18.4325 20.8994 20.4444 20.3774 21.7758 21.9569 21.8434 21.9773 21.9979 21.9990 21.9929 21.9998 22.0000 22.0000 22.0000 22.0000
21.9964 21.9825 21.9767 21.8250 21.8230 21.6824 20.7749 19.6016 20.0115 19.0888 16.0896 15.8901 16.0341 13.9509 10.6465 12.3492 12.7376 9.4577 7.3580 9.9143 9.8780 5.8457 5.1917 8.5051 7.4309 3.9501 7.3502 9.5494 6.9644 6.3261 10.4709 12.8096 13.0664 12.2747 15.0858 13.8328 9.8845 12.5202 14.2774 11.2165 8.5740 12.6308 13.3412 8.7139 10.9561 14.8526 13.6806 10.7373 15.2537 17.4908 14.1210 15.6823 19.5224 19.8407 16.9483 20.1310 21.6968 21.2307 21.1714 21.9633 21.9950 21.9326 21.9943 21.9998 21.9997 21.9984 22.0000 22.0000 22.0000 22.0000 22.0000
21.9948 21.9545 21.9356 21.3597 21.3485 21.3741 19.8981 17.8474 19.0888 18.3786 14.8971 14.8380 16.1246 14.2460 10.0779 12.8356 14.0281 10.2384 8.5923 12.3519 12.4707 7.7493 9.0376 12.4203 11.0632 7.3621 11.6977 13.8504 10.9359 11.6811 15.8295 17.6947 17.8082 16.8559 19.1537 17.9904 14.0962 16.3244 17.5351 14.3811 11.5955 15.2353 15.4653 10.2951 12.2229 15.8843 14.1527 9.8770 14.6928 16.6977 12.7150 13.5216 17.7655 17.9917 14.1610 17.3634 20.5755 19.3838 18.7005 21.5489 21.9215 21.3160 21.8994 21.9953 21.9951 21.9724 21.9991 22.0000 22.0000 22.0000 22.0000
21.9283 21.5330 21.1793 19.6726 19.6598 19.1264 16.8119 15.0207 16.0896 14.8971 11.4260 11.8213 12.9566 10.4620 6.9949 10.0130 10.7083 6.8819 6.8064 10.4588 10.1159 5.7924 8.5285 11.8497 10.4796 8.4381 12.6746 14.5686 11.6801 13.4975 17.1594 18.7417 18.4588 17.1275 18.3839 16.4192 12.8574 14.5734 15.0219 11.0876 8.5272 11.4407 10.9047 5.7110 7.5053 10.6068 8.5269 4.7684 9.1010 11.3634 7.7243 8.6661 13.0155 13.7105 10.2059 13.6767 17.5197 16.2881 16.1080 19.8270 21.1514 19.7806 21.3773 21.9420 21.9529 21.8066 21.9921 21.9982 22.0000 22.0000 22.0000
21.9422 21.6727 21.4456 20.2478 20.2850 19.5916 17.4043 15.3760 15.8901 14.8380 11.8213 11.2994 11.7083 9.5999 6.2996 7.4909 7.9505 5.6072 3.7415 6.4639 7.0184 3.8238 3.9620 7.0821 7.1270 4.4627 8.3683 10.7251 9.2331 10.4451 13.7586 15.4807 15.1068 14.4618 15.4777 13.0025 10.3660 12.7843 12.6595 8.5504 7.7836 11.2386 10.0105 5.3984 8.6385 11.5530 9.0742 7.2540 11.7816 13.2599 9.3508 12.0437 15.8427 15.5946 12.7273 16.7096 19.5347 17.7992 18.5317 21.3569 21.7235 20.9474 21.8833 21.9942 21.9919 21.9473 21.9991 21.9999 22.0000 22.0000 22.0000
21.9667 21.7377 21.6218 20.2094 19.9249 20.0053 18.0990 15.2238 16.0341 16.1246 12.9566 11.7083 13.2522 12.4572 8.1278 9.3988 11.7247 9.2154 6.1896 9.7494 11.1235 7.2908 6.8393 10.9362 11.3096 8.1531 11.3771 14.4140 13.0768 12.8139 16.4907 18.7122 18.4993 18.5482 19.9090 17.8224 15.0370 17.5347 17.8226 13.6867 12.8569 16.1055 14.9286 9.9836 13.1022 15.6547 12.7497 10.4866 15.1416 16.0778 11.3085 14.2850 17.8606 17.0489 13.4493 17.7840 20.3115 17.7044 18.0281 21.3909 21.7650 20.5430 21.8332 21.9937 21.9902 21.9417 21.9992 21.9999 22.0000 22.0000 22.0000
21.7502 20.7280 20.3084 17.6009 17.3184 17.6370 15.4036 12.1652 13.9509 14.2460 10.4620 9.5999 12.4572 11.0049 6.8972 9.7319 12.1514 9.0883 7.1925 11.4631 12.9986 8.6350 10.1198 14.0021 13.7976 11.4817 15.0938 17.7955 16.1802 16.7283 19.8446 21.1644 20.9535 21.0528 21.5844 20.5815 18.1449 19.7564 19.6733 16.0034 14.7368 17.2648 15.7213 10.7840 13.1949 15.3378 11.7173 8.8102 12.9662 13.8567 8.7481 10.9666 14.8278 14.0214 9.5530 13.8374 16.9454 14.0306 13.8452 18.3302 19.8506 17.0958 19.7995 21.6495 21.5953 20.9384 21.9425 21.9824 21.9993 22.0000 22.0000
20.6888 18.5536 17.6363 15.2388 14.7639 14.3736 12.0384 9.4517 10.6465 10.0779 6.9949 6.2996 8.1278 6.8972 3.8260 6.0797 7.6500 4.7553 4.0935 7.9455 8.9924 5.9189 8.6146 12.2089 11.8826 11.4912 14.5808 16.9203 16.2099 17.4345 20.0523 21.1091 20.5085 20.0348 20.2781 17.7783 15.3508 16.3499 15.3570 11.6144 11.0619 12.8406 10.4766 6.1478 8.7295 10.0523 6.4492 4.7376 8.7416 8.8101 4.3427 7.5811 10.8765 9.8111 6.6764 11.2972 14.0326 11.4972 12.7922 16.8993 18.2522 16.3913 19.3623 21.2769 21.2451 20.6868 21.9030 21.9804 21.9733 22.0000 21.9994
21.5884 20.1741 19.9639 17.3769 16.1511 16.2841 14.9281 11.7046 12.3492 12.8356 10.0130 7.4909 9.3988 9.7319 6.0797 5.4802 8.5384 7.5968 4.0983 7.0562 9.6893 7.7775 5.3908 10.3514 12.2221 10.5247 12.2768 15.8275 15.8785 15.8693 18.3972 20.1796 19.8457 20.3977 20.7984 18.5735 16.9731 18.9156 17.5692 13.6934 14.5008 16.7607 14.0796 10.0081 13.1715 14.7491 10.6994 9.7792 13.8134 13.2762 8.6030 12.3075 15.6331 13.8159 10.9993 15.7647 18.0733 14.8683 16.5360 20.2738 20.6878 18.5278 21.1921 21.9194 21.8488 21.6462 21.9909 21.9983 22.0000 22.0000 22.0000
21.4708 19.3677 19.2427 16.1391 15.1494 16.3135 14.8263 10.7010 12.7376 14.0281 10.7083 7.9505 11.7247 12.1514 7.6500 8.5384 12.2260 11.2572 7.5619 11.5758 14.2118 11.6717 10.7047 15.2783 16.3419 14.3320 16.6425 19.5548 19.1987 18.9329 20.8494 21.6784 21.5543 21.7604 21.8832 21.2828 20.4880 21.4620 21.0212 17.8226 18.1388 20.0862 17.8269 13.8306 16.2699 17.8315 13.9080 12.3130 16.0300 15.7493 10.3417 13.5883 16.9273 14.8789 10.5018 15.4610 17.9588 13.8894 14.7546 19.1120 19.4611 16.1843 19.5263 21.6150 21.3480 20.5821 21.9394 21.9886 21.9992 22.0000 22.0000
19.0264 16.0483 15.4286 12.2672 11.7307 12.6713 10.7156 7.2021 9.4577 10.2384 6.8819 5.6072 9.2154 9.0883 4.7553 7.5968 11.2572 10.3352 8.4638 12.5655 14.7284 12.2623 13.4214 16.8888 17.4341 16.7766 19.2078 20.9891 20.4315 20.7479 21.7530 21.9650 21.9173 21.9380 21.9692 21.6305 20.9398 21.4914 20.9003 17.8485 17.4895 18.6700 16.1354 12.4238 14.1204 14.8798 10.5653 8.9032 11.9281 11.0247 5.3991 8.3120 10.8840 8.9055 5.0073 9.8330 12.3166 8.2966 9.2794 13.9021 14.9484 11.8105 15.3003 18.6118 18.2205 17.1004 20.6634 21.6989 21.9424 21.9975 21.9988
18.3225 15.6278 15.4271 12.6051 10.9543 11.6721 10.4375 6.7820 7.3580 8.5923 6.8064 3.7415 6.1896 7.1925 4.0935 4.0983 7.5619 8.4638 6.3038 9.4081 12.2506 11.4690 12.2484 15.0793 16.5440 16.7001 18.0166 20.0548 20.1907 20.6068 21.6130 21.9124 21.7762 21.7933 21.8154 20.6040 19.8893 20.6599 19.1068 16.0166 16.6762 17.3459 14.0638 11.2500 13.9057 13.7293 9.2258 9.7254 13.1870 11.3064 6.6555 10.6872 13.3279 10.0341 8.0060 12.9305 14.6809 10.4557 13.0677 16.9113 17.0083 14.6684 18.4182 20.6780 19.8701 19.4689 21.7616 21.9578 21.9917 21.9995 21.9996
19.5437 16.7598 17.3884 14.6381 12.2602 14.1800 13.6832 9.2415 9.9143 12.3519 10.4588 6.4639 9.7494 11.4631 7.9455 7.0562 11.5758 12.5655 9.4081 12.0001 15.8340 14.2871 13.4767 17.1183 18.6699 17.7435 18.8332 20.7463 20.7571 20.6838 21.5656 21.9169 21.8392 21.9473 21.9619 21.5793 21.3274 21.7935 21.2794 19.2406 20.1101 20.9296 18.5497 15.7199 18.1074 18.5872 14.1526 14.2311 17.3826 15.8095 10.8651 14.8576 17.1493 13.8936 11.5789 16.3206 17.5971 12.5986 15.2570 19.1458 18.7680 15.6946 19.7364 21.2358 20.0976 19.2639 21.8046 21.9600 21.9934 21.9995 21.9993
17.7718 14.9454 15.4547 12.2476 10.4893 13.2290 12.0331 7.3573 9.8780 12.4707 10.1159 7.0184 11.1235 12.9986 8.9924 9.6893 14.2118 14.7284 12.2506 15.8340 18.5146 17.0935 17.1967 20.1346 20.9094 20.1030 21.0975 21.8654 21.8428 21.8286 21.9821 21.9969 21.9887 21.9970 21.9984 21.9650 21.9269 21.9845 21.9090 21.0226 21.3752 21.7251 20.5991 18.1657 19.5320 19.8482 16.1723 15.2545 17.8351 16.0610 11.1893 14.4008 16.5209 13.0224 9.9333 14.2296 15.4995 10.1099 12.0040 15.8406 15.6617 11.7062 15.6924 18.4356 16.9320 15.4771 19.8071 21.3930 21.8776 21.9850 21.9902
13.9529 11.0960 11.1099 8.3083 6.9597 8.7298 7.4010 3.8901 5.8457 7.7493 5.7924 3.8238 7.2908 8.6350 5.9189 7.7775 11.6717 12.2623 11.4690 14.2871 17.0935 16.7784 17.3477 19.6723 20.3154 20.4079 21.3531 21.9082 21.8976 21.9359 21.9917 21.9978 21.9881 21.9941 21.9936 21.8775 21.7613 21.9070 21.5462 19.5503 20.2445 20.3804 17.7394 15.4672 16.5899 15.9699 11.8165 11.8588 13.7711 11.1111 6.9797 10.3554 11.3826 7.5565 5.9446 10.2751 10.5245 5.6205 8.7170 12.4014 11.7941 9.0085 13.4283 16.0440 14.6291 14.2328 18.7618 20.6868 21.6014 21.9552 21.9782
14.8129 12.3434 13.5581 11.0870 7.7893 10.0305 10.6403 6.5279 5.1917 9.0376 8.5285 3.9620 6.8393 10.1198 8.6146 5.3908 10.7047 13.4214 12.2484 13.4767 17.1967 17.3477 16.7894 19.5888 20.5815 20.4172 20.7539 21.7631 21.8844 21.8817 21.9676 21.9917 21.9762 21.9960 21.9941 21.8159 21.7191 21.9287 21.5052 19.8323 20.8598 21.1172 18.7341 17.0421 19.1660 18.3163 14.0778 15.3471 17.7171 15.0014 11.2697 14.9970 16.2286 12.1408 11.0847 15.2771 15.2366 10.1359 13.5398 16.9962 15.4191 13.0735 17.5292 19.5045 17.6343 17.7191 21.1582 21.7230 21.9127 21.9938 21.9941
15.5929 13.0869 14.5728 12.1691 8.7687 12.2828 12.8811 8.4013 8.5051 12.4203 11.8497 7.0821 10.9362 14.0021 12.2089 10.3514 15.2783 16.8888 15.0793 17.1183 20.1346 19.6723 19.5888 21.0400 21.6806 21.5429 21.6145 21.9691 21.9819 21.9664 21.9919 21.9985 21.9961 21.9997 21.9997 21.9860 21.9851 21.9977 21.9745 21.5600 21.8741 21.9542 21.4066 20.2858 21.4436 21.2653 17.7672 18.4893 20.5056 18.5707 14.7339 17.9519 19.1700 15.2360 13.4342 17.3055 17.5437 11.7995 14.7350 17.9270 16.2290 12.4197 17.0725 19.2728 16.8023 16.2014 20.2816 21.1158 21.6178 21.9659 21.9676
11.8995 9.4418 10.8731 8.3630 6.0399 9.4822 9.7084 5.5319 7.4309 11.0632 10.4796 7.1270 11.3096 13.7976 11.8826 12.2221 16.3419 17.4341 16.5440 18.6699 20.9094 20.3154 20.5815 21.6806 21.9101 21.9073 21.9364 21.9958 21.9973 21.9945 21.9984 21.9997 21.9992 22.0000 22.0000 21.9960 21.9951 21.9992 21.9945 21.7244 21.9420 21.9772 21.5695 20.5591 21.2144 20.9320 17.2027 17.3918 19.0933 16.6814 12.5262 15.3707 15.8910 11.5813 9.5195 12.9076 12.4545 6.7920 9.3511 12.3564 10.9203 7.0485 11.5095 14.0126 11.6137 10.9576 15.7661 17.6782 19.0755 21.2820 21.6761
9.2778 7.2174 8.8708 6.9934 3.7860 6.4554 7.4508 4.0613 3.9501 7.3621 8.4381 4.4627 8.1531 11.4817 11.4912 10.5247 14.3320 16.7766 16.7001 17.7435 20.1030 20.4079 20.4172 21.5429 21.9073 21.8816 21.9383 21.9926 21.9963 21.9940 21.9982 21.9997 21.9995 22.0000 22.0000 21.9942 21.9901 21.9974 21.9779 21.4799 21.8436 21.8790 20.7635 19.8165 20.8296 19.7291 15.8218 17.4862 18.7363 15.4854 12.3241 15.7982 15.5967 10.9051 10.9001 14.3554 12.8967 7.7855 11.6223 14.4243 11.8565 9.8153 14.4677 15.8570 13.4539 13.9892 18.2387 19.7396 20.5849 21.7494 21.8653
11.6825 9.8030 12.3553 10.6492 6.6033 10.1098 11.7513 8.3548 7.3502 11.6977 12.6746 8.3683 11.3771 15.0938 14.5808 12.2768 16.6425 19.2078 18.0166 18.8332 21.0975 21.3531 20.7539 21.6145 21.9364 21.9383 21.8887 21.9881 21.9946 21.9852 21.9981 21.9998 21.9997 22.0000 22.0000 21.9995 21.9982 21.9999 21.9978 21.8813 21.9842 21.9947 21.8661 21.5172 21.9193 21.8160 19.4211 20.7190 21.4395 19.6976 16.7384 19.7907 20.2091 15.8371 15.1878 18.5429 17.1762 11.9826 15.5198 18.2603 15.4859 13.3184 17.7268 18.8112 15.5939 15.8793 20.1581 20.6804 20.9653 21.8212 21.8538
10.7357 9.4902 12.5014 10.4774 7.1548 11.2228 12.9649 8.9403 9.5494 13.8504 14.5686 10.7251 14.4140 17.7955 16.9203 15.8275 19.5548 20.9891 20.0548 20.7463 21.8654 21.9082 21.7631 21.9691 21.9958 21.9926 21.9881 21.9989 21.9986 21.9990 21.9999 22.0000 22.0000 22.0000 22.0000 22.0000 22.0000 22.0000 22.0000 21.9918 21.9990 21.9998 21.9964 21.9472 21.9920 21.9900 21.1751 21.6205 21.9058 21.1083 18.6331 20.6851 20.8879 17.6235 16.1279 18.8400 17.5758 12.3780 15.0588 17.4762 14.7735 11.2782 15.4715 16.9334 13.3763 13.2358 17.2694 18.1275 18.4918 20.7780 21.0725
6.7537 5.0404 7.5522 5.4919 3.7798 6.9089 8.4413 5.1937 6.9644 10.9359 11.6801 9.2331 13.0768 16.1802 16.2099 15.8785 19.1987 20.4315 20.1907 20.7571 21.8428 21.8976 21.8844 21.9819 21.9973 21.9963 21.9946 21.9986 21.9991 21.9980 21.9999 22.0000 22.0000 22.0000 22.0000 22.0000 22.0000 22.0000 21.9997 21.9788 21.9963 21.9988 21.9518 21.7296 21.8728 21.7669 19.3544 20.3247 20.8570 18.3104 15.3420 17.7579 17.1692 13.0477 12.4372 15.0842 12.7002 7.8049 10.7800 12.5585 9.1194 6.8011 11.0257 11.9838 8.5027 9.1701 13.4075 14.4904 15.4766 18.6272 19.7369
7.1047 5.7713 9.1171 7.5068 4.0833 7.6096 10.5131 7.9911 6.3261 11.6811 13.4975 10.4451 12.8139 16.7283 17.4345 15.8693 18.9329 20.7479 20.6068 20.6838 21.8286 21.9359 21.8817 21.9664 21.9945 21.9940 21.9852 21.9990 21.9980 21.9950 21.9926 21.9999 22.0000 22.0000 22.0000 22.0000 22.0000 22.0000 22.0000 21.9944 21.9998 22.0000 21.9972 21.9520 21.9915 21.9717 20.8145 21.5731 21.7933 20.4052 18.1308 20.4689 20.0620 16.1992 16.0459 18.9025 16.3691 11.8552 15.3129 16.9084 13.2222 11.3834 15.8374 16.2053 12.5072 13.6639 17.5759 18.0000 18.2704 20.4155 20.8352
10.1146 9.0253 12.9350 11.2606 7.1730 11.7460 14.2982 11.3750 10.4709 15.8295 17.1594 13.7586 16.4907 19.8446 20.0523 18.3972 20.8494 21.7530 21.6130 21.5656 21.9821 21.9917 21.9676 21.9919 21.9984 21.9982 21.9981 21.9999 21.9999 21.9926 21.9986 21.9978 21.9999 22.0000 22.0000 22.0000 22.0000 22.0000 22.0000 22.0000 22.0000 22.0000 22.0000 21.9994 21.9997 21.9999 21.9289 21.9871 21.9975 21.9048 21.0617 21.8208 21.8077 19.8330 19.0742 21.0855 19.5153 15.3224 18.0570 19.4122 16.0005 13.7918 17.7320 17.9086 14.2770 14.3385 17.8540 17.9177 18.0217 20.1182 20.3675
10.2443 9.2031 13.2583 11.4905 8.0364 13.3082 15.8349 12.0946 12.8096 17.6947 18.7417 15.4807 18.7122 21.1644 21.1091 20.1796 21.6784 21.9650 21.9124 21.9169 21.9969 21.9978 21.9917 21.9985 21.9997 21.9997 21.9998 22.0000 22.0000 21.9999 21.9978 21.9995 21.9990 22.0000 22.0000 22.0000 22.0000 22.0000 22.0000 22.0000 22.0000 22.0000 22.0000 21.9999 22.0000 22.0000 21.9927 21.9944 21.9988 21.9775 21.4185 21.8787 21.8535 20.2462 19.2874 20.9418 19.2821 14.9062 17.1853 18.2262 14.7845 12.0303 15.3078 15.5590 12.0554 11.6045 15.4379 15.2717 15.5224 17.3045 17.5835
11.5167 10.2692 14.0636 11.7094 8.7378 14.0927 16.2055 11.7440 13.0664 17.8082 18.4588 15.1068 18.4993 20.9535 20.5085 19.8457 21.5543 21.9173 21.7762 21.8392 21.9887 21.9881 21.9762 21.9961 21.9992 21.9995 21.9997 22.0000 22.0000 22.0000 21.9999 21.9990 21.9994 21.9999 22.0000 22.0000 22.0000 22.0000 22.0000 22.0000 22.0000 22.0000 22.0000 22.0000 21.9999 22.0000 21.9804 21.9702 21.9894 21.9375 20.9452 21.6672 21.6448 19.4841 17.9035 20.1980 18.2389 13.5061 15.4936 16.9845 13.9604 10.7216 14.1521 15.0166 11.3656 10.4540 14.8061 15.4413 15.9298 17.8576 18.2173
8.9191 7.6974 11.2175 9.0511 6.4586 12.0349 14.4281 9.8409 12.2747 16.8559 17.1275 14.4618 18.5482 21.0528 20.0348 20.3977 21.7604 21.9380 21.7933 21.9473 21.9970 21.9941 21.9960 21.9997 22.0000 22.0000 22.0000 22.0000 22.0000 22.0000 22.0000 22.0000 21.9999 22.0000 22.0000 22.0000 22.0000 22.0000 22.0000 22.0000 22.0000 22.0000 22.0000 21.9988 21.9997 21.9995 21.8814 21.8645 21.9283 21.5751 19.6869 20.8439 20.4649 17.3263 15.5501 17.6305 15.3843 10.9004 12.4144 13.1841 10.3124 7.1482 10.2022 10.3593 6.7075 5.9599 10.7575 11.7715 12.6456 14.7137 15.7655
12.9667 11.9707 14.9889 12.3939 10.0303 15.4328 17.0095 11.9994 15.0858 19.1537 18.3839 15.4777 19.9090 21.5844 20.2781 20.7984 21.8832 21.9692 21.8154 21.9619 21.9984 21.9936 21.9941 21.9997 22.0000 22.0000 22.0000 22.0000 22.0000 22.0000 22.0000 22.0000 22.0000 22.0000 22.0000 21.9994 22.0000 22.0000 22.0000 22.0000 22.0000 22.0000 22.0000 22.0000 21.9999 22.0000 21.9899 21.9458 21.9876 21.9299 20.6711 21.3680 21.3637 18.8732 16.4062 18.6856 17.3702 13.0230 13.5876 15.0479 12.8461 8.6971 11.3621 12.0676 8.5917 6.9213 11.7788 12.3961 13.6363 16.1241 17.0459
15.2550 13.5514 15.7602 12.4637 10.2802 15.4361 16.3265 10.7215 13.8328 17.9904 16.4192 13.0025 17.8224 20.5815 17.7783 18.5735 21.2828 21.6305 20.6040 21.5793 21.9650 21.8775 21.8159 21.9860 21.9960 21.9942 21.9995 22.0000 22.0000 22.0000 22.0000 22.0000 22.0000 22.0000 21.9994 21.9996 21.9991 21.9999 22.0000 21.9999 21.9999 22.0000 22.0000 21.9968 21.9980 21.9994 21.8630 21.6545 21.9337 21.6152 18.9980 20.6912 20.8392 17.7266 15.1486 18.2075 17.4029 12.5919 13.6451 15.9440 14.0146 9.7302 13.1406 14.4577 11.6744 9.8904 14.4833 15.2058 17.1298 19.8246 20.4740
11.6280 8.9855 10.8563 7.2103 5.8069 10.8097 11.8995 6.5377 9.8845 14.0962 12.8574 10.3660 15.0370 18.1449 15.3508 16.9731 20.4880 20.9398 19.8893 21.3274 21.9269 21.7613 21.7191 21.9851 21.9951 21.9901 21.9982 22.0000 22.0000 22.0000 22.0000 22.0000 22.0000 22.0000 22.0000 21.9991 21.9988 21.9954 21.9984 21.9841 21.9958 21.9990 21.9904 21.8745 21.9289 21.9311 20.4609 20.2963 21.1268 19.2600 15.7990 17.9086 17.6988 13.9962 11.9200 14.6917 13.4469 8.8545 10.2004 12.8082 10.5963 6.6639 10.5318 12.3462 9.4756 8.0682 12.7385 14.4136 16.1847 18.9537 19.9609
12.0015 9.8571 11.7977 8.2756 7.7544 12.6641 13.5287 8.2841 12.5202 16.3244 14.5734 12.7843 17.5347 19.7564 16.3499 18.9156 21.4620 21.4914 20.6599 21.7935 21.9845 21.9070 21.9287 21.9977 21.9992 21.9974 21.9999 22.0000 22.0000 22.0000 22.0000 22.0000 22.0000 22.0000 22.0000 21.9999 21.9954 21.9993 21.9972 21.9945 21.9990 21.9999 21.9973 21.9297 21.9659 21.9661 20.8878 20.4947 21.2488 19.9496 16.3046 17.7398 17.8221 14.6875 11.7849 13.6648 12.6973 8.3742 7.9471 10.1720 8.4347 4.2599 6.6913 8.6877 6.1553 4.2883 8.4709 10.2100 12.0190 14.5454 16.6044
16.4985 14.3089 15.6393 12.0540 11.3761 15.5933 15.5178 10.0385 14.2774 17.5351 15.0219 12.6595 17.8226 19.6733 15.3570 17.5692 21.0212 20.9003 19.1068 21.2794 21.9090 21.5462 21.5052 21.9745 21.9945 21.9779 21.9978 22.0000 21.9997 22.0000 22.0000 22.0000 22.0000 22.0000 22.0000 22.0000 21.9984 21.9972 21.9971 21.9647 21.9942 21.9991 21.9960 21.8324 21.9224 21.9505 20.9568 20.1149 21.3226 20.4176 16.5565 18.1676 19.3513 16.4413 12.8477 15.4323 15.3158 10.9059 10.2693 13.5260 12.3443 7.4729 10.3204 12.7726 10.5600 7.6556 12.4308 13.9386 16.0442 18.6168 19.8486
16.7632 14.3789 14.8706 10.8853 10.3646 13.9165 12.9465 7.4066 11.2165 14.3811 11.0876 8.5504 13.6867 16.0034 11.6144 13.6934 17.8226 17.8485 16.0166 19.2406 21.0226 19.5503 19.8323 21.5600 21.7244 21.4799 21.8813 21.9918 21.9788 21.9944 22.0000 22.0000 22.0000 22.0000 22.0000 21.9999 21.9841 21.9945 21.9647 21.6314 21.8020 21.9306 21.6889 20.1440 20.9257 21.1499 18.1463 17.2455 19.2943 17.5919 13.4197 15.6023 16.9525 13.8400 10.4748 13.8998 14.1010 9.4101 9.6220 13.2663 12.7264 7.9453 11.5430 14.1863 12.8476 10.2034 14.9772 16.3874 18.8984 21.1618 21.6282
12.2164 9.3406 9.6771 5.8402 6.0272 9.6467 8.7560 4.1608 8.5740 11.5955 8.5272 7.7836 12.8569 14.7368 11.0619 14.5008 18.1388 17.4895 16.6762 20.1101 21.3752 20.2445 20.8598 21.8741 21.9420 21.8436 21.9842 21.9990 21.9963 21.9998 22.0000 22.0000 22.0000 22.0000 22.0000 21.9999 21.9958 21.9990 21.9942 21.8020 21.6780 21.7870 21.2337 19.3464 19.9905 20.0790 16.4130 15.5874 17.0013 14.9457 11.1203 12.4846 12.8327 9.8137 6.5996 9.3808 9.0463 4.9465 4.8171 8.3383 7.9522 4.0695 7.3180 10.1544 9.4035 7.3953 11.9563 13.8353 16.4397 19.7439 20.8984
16.3085 13.9581 14.2905 10.3238 10.8578 14.1169 12.9141 8.0725 12.6308 15.2353 11.4407 11.2386 16.1055 17.2648 12.8406 16.7607 20.0862 18.6700 17.3459 20.9296 21.7251 20.3804 21.1172 21.9542 21.9772 21.8790 21.9947 21.9998 21.9988 22.0000 22.0000 22.0000 22.0000 22.0000 22.0000 22.0000 21.9990 21.9999 21.9991 21.9306 21.7870 21.8913 21.6142 20.0896 20.4772 20.9794 18.0329 16.4029 18.2353 17.1836 13.0479 13.6588 14.9633 12.6303 8.6890 11.2187 11.9684 7.9188 5.9839 9.7215 9.9194 4.8871 7.0270 10.3767 9.9919 6.1279 10.5051 12.3464 15.4566 18.5607 20.1607
19.6738 17.1695 16.9930 13.1721 13.6511 16.1384 14.2424 9.1570 13.3412 15.4653 10.9047 10.0105 14.9286 15.7213 10.4766 14.0796 17.8269 16.1354 14.0638 18.5497 20.5991 17.7394 18.7341 21.4066 21.5695 20.7635 21.8661 21.9964 21.9518 21.9972 22.0000 22.0000 22.0000 22.0000 22.0000 22.0000 21.9904 21.9973 21.9960 21.6889 21.2337 21.6142 21.0136 18.5464 19.2342 20.3137 17.2700 15.1940 17.7132 16.9595 12.2263 13.5513 15.7412 13.7294 9.4042 12.8715 14.1808 10.2200 8.5591 12.8259 13.3628 8.5712 11.2735 14.6953 14.3277 11.1611 15.8027 17.0829 19.8282 21.6112 21.8890
17.4273 14.5441 13.9080 9.8504 10.2963 12.2411 9.4128 4.7186 8.7139 10.2951 5.7110 5.3984 9.9836 10.7840 6.1478 10.0081 13.8306 12.4238 11.2500 15.7199 18.1657 15.4672 17.0421 20.2858 20.5591 19.8165 21.5172 21.9472 21.7296 21.9520 21.9994 21.9999 22.0000 21.9988 22.0000 21.9968 21.8745 21.9297 21.8324 20.1440 19.3464 20.0896 18.5464 15.6627 16.0229 16.9973 13.5280 11.8174 14.1778 12.6900 8.1847 9.8692 12.2525 9.8501 6.0425 9.8319 11.3621 7.5144 7.1277 11.4202 12.6093 8.6539 11.8902 14.8242 14.8975 12.7496 16.8513 18.4122 20.7277 21.7806 21.9426
16.8535 14.1182 12.9567 9.0702 10.8956 12.8574 10.1309 6.4892 10.9561 12.2229 7.5053 8.6385 13.1022 13.1949 8.7295 13.1715 16.2699 14.1204 13.9057 18.1074 19.5320 16.5899 19.1660 21.4436 21.2144 20.8296 21.9193 21.9920 21.8728 21.9915 21.9997 22.0000 21.9999 21.9997 21.9999 21.9980 21.9289 21.9659 21.9224 20.9257 19.9905 20.4772 19.2342 16.0229 16.3642 17.3452 14.1444 11.7771 13.6739 12.2870 8.3292 7.9835 10.2165 8.5148 4.1052 6.5797 8.6376 5.9122 3.8229 7.3673 9.4940 5.8549 7.7104 11.0250 11.9497 9.7735 13.3227 15.2345 18.2560 20.6920 21.5808
20.8271 18.7569 17.9780 14.2047 15.4934 17.0615 14.3403 10.3648 14.8526 15.8843 10.6068 11.5530 15.6547 15.3378 10.0523 14.7491 17.8315 14.8798 13.7293 18.5872 19.8482 15.9699 18.3163 21.2653 20.9320 19.7291 21.8160 21.9900 21.7669 21.9717 21.9999 22.0000 22.0000 21.9995 22.0000 21.9994 21.9311 21.9661 21.9505 21.1499 20.0790 20.9794 20.3137 16.9973 17.3452 19.0164 16.0070 12.9233 15.4584 15.2756 10.8280 10.6311 13.8101 12.6044 7.6415 10.5101 13.2396 10.5770 7.3365 12.0542 14.3158 10.7396 12.2758 15.9299 16.3776 13.5283 17.0269 18.6392 20.9272 21.8018 21.9372
21.2824 19.6505 18.5769 15.0817 15.9871 16.7019 13.4977 9.9011 13.6806 14.1527 8.5269 9.0742 12.7497 11.7173 6.4492 10.6994 13.9080 10.5653 9.2258 14.1526 16.1723 11.8165 14.0778 17.7672 17.2027 15.8218 19.4211 21.1751 19.3544 20.8145 21.9289 21.9927 21.9804 21.8814 21.9899 21.8630 20.4609 20.8878 20.9568 18.1463 16.4130 18.0329 17.2700 13.5280 14.1444 16.0070 13.0878 9.9680 13.2686 13.3984 8.7294 9.4206 13.0702 11.9805 7.3516 11.1403 13.9607 11.6716 9.6488 14.3752 16.0905 13.1435 15.3638 18.5791 19.0035 16.9151 19.8096 21.0018 21.8127 21.9839 21.9875
19.1954 16.4986 14.8236 11.3954 12.7112 12.8806 9.4868 7.0141 10.7373 9.8770 4.7684 7.2540 10.4866 8.8102 4.7376 9.7792 12.3130 8.9032 9.7254 14.2311 15.2545 11.8588 15.3471 18.4893 17.3918 17.4862 20.7190 21.6205 20.3247 21.5731 21.9871 21.9944 21.9702 21.8645 21.9458 21.6545 20.2963 20.4947 20.1149 17.2455 15.5874 16.4029 15.1940 11.8174 11.7771 12.9233 9.9680 7.3023 9.4626 9.2319 5.1466 4.8540 8.0207 7.2540 3.8344 6.6230 9.3094 7.6339 5.9597 10.6771 12.5974 10.5650 12.4806 15.8849 17.1483 15.5005 18.2817 20.1678 21.5311 21.8850 21.9120
21.1704 19.8237 17.9394 14.6068 16.5583 17.1190 13.6108 11.3147 15.2537 14.6928 9.1010 11.7816 15.1416 12.9662 8.7416 13.8134 16.0300 11.9281 13.1870 17.3826 17.8351 13.7711 17.7171 20.5056 19.0933 18.7363 21.4395 21.9058 20.8570 21.7933 21.9975 21.9988 21.9894 21.9283 21.9876 21.9337 21.1268 21.2488 21.3226 19.2943 17.0013 18.2353 17.7132 14.1778 13.6739 15.4584 13.2686 9.4626 11.7693 12.4849 8.6116 6.8020 10.3620 10.5487 6.2006 7.6740 11.3258 10.3657 6.7620 11.3547 14.3180 11.7335 12.0245 16.0197 17.5287 15.1116 17.3208 19.2051 21.1613 21.7469 21.8346
21.8723 21.5054 20.7800 18.0228 19.3563 19.8350 16.7903 14.1358 17.4908 16.6977 11.3634 13.2599 16.0778 13.8567 8.8101 13.2762 15.7493 11.0247 11.3064 15.8095 16.0610 11.1111 15.0014 18.5707 16.6814 15.4854 19.6976 21.1083 18.3104 20.4052 21.9048 21.9775 21.9375 21.5751 21.9299 21.6152 19.2600 19.9496 20.4176 17.5919 14.9457 17.1836 16.9595 12.6900 12.2870 15.2756 13.3984 9.2319 12.4849 13.7965 9.8250 8.9822 13.1166 13.6665 8.8916 11.5592 15.1236 14.1777 11.0929 15.9165 18.3706 15.7685 16.8720 19.9383 20.6329 18.7479 20.5733 21.4213 21.9049 21.9837 21.9852
21.5925 20.6009 19.4909 16.6175 17.4371 17.0466 13.6087 11.6205 14.1210 12.7150 7.7243 9.3508 11.3085 8.7481 4.3427 8.6030 10.3417 5.3991 6.6555 10.8651 11.1893 6.9797 11.2697 14.7339 12.5262 12.3241 16.7384 18.6331 15.3420 18.1308 21.0617 21.4185 20.9452 19.6869 20.6711 18.9980 15.7990 16.3046 16.5565 13.4197 11.1203 13.0479 12.2263 8.1847 8.3292 10.8280 8.7294 5.1466 8.6116 9.8250 6.2546 6.5397 10.5145 11.1450 7.3499 10.7479 14.1513 13.6035 11.6369 15.7151 18.1236 16.6936 18.0926 20.4379 20.9258 19.9480 21.2389 21.6965 21.9505 21.9880 21.9790
21.5203 20.4448 18.2368 15.9195 17.9704 17.0006 13.0580 12.5581 15.6823 13.5216 8.6661 12.0437 14.2850 10.9666 7.5811 12.3075 13.5883 8.3120 10.6872 14.8576 14.4008 10.3554 14.9970 17.9519 15.3707 15.7982 19.7907 20.6851 17.7579 20.4689 21.8208 21.8787 21.6672 20.8439 21.3680 20.6912 17.9086 17.7398 18.1676 15.6023 12.4846 13.6588 13.5513 9.8692 7.9835 10.6311 9.4206 4.8540 6.8020 8.9822 6.5397 3.9751 8.0180 9.5718 6.2543 7.0367 11.0971 11.7101 9.3164 12.4531 15.6799 14.7882 15.1355 17.9723 19.8658 18.6586 19.9164 20.8285 21.6527 21.8772 21.9064
21.9654 21.7829 21.1022 19.6003 21.0910 20.8442 17.6350 16.7977 19.5224 17.7655 13.0155 15.8427 17.8606 14.8278 10.8765 15.6331 16.9273 10.8840 13.3279 17.1493 16.5209 11.3826 16.2286 19.1700 15.8910 15.5967 20.2091 20.8879 17.1692 20.0620 21.8077 21.8535 21.6448 20.4649 21.3637 20.8392 17.6988 17.8221 19.3513 16.9525 12.8327 14.9633 15.7412 12.2525 10.2165 13.8101 13.0702 8.0207 10.3620 13.1166 10.5145 8.0180 12.8948 14.6237 10.9101 11.9289 16.2389 15.8908 13.1040 16.6440 19.4912 18.0197 17.8137 20.3094 21.2068 20.3658 21.0176 21.5097 21.9078 21.9654 21.9735
21.9835 21.8982 21.6508 20.8855 21.5487 21.3482 19.3364 18.0126 19.8407 17.9917 13.7105 15.5946 17.0489 14.0214 9.8111 13.8159 14.8789 8.9055 10.0341 13.8936 13.0224 7.5565 12.1408 15.2360 11.5813 10.9051 15.8371 17.6235 13.0477 16.1992 19.8330 20.2462 19.4841 17.3263 18.8732 17.7266 13.9962 14.6875 16.4413 13.8400 9.8137 12.6303 13.7294 9.8501 8.5148 12.6044 11.9805 7.2540 10.5487 13.6665 11.1450 9.5718 14.6237 16.3329 13.1860 14.9380 18.6336 18.3007 16.6129 19.5033 21.0961 20.1297 20.4258 21.6123 21.8123 21.3882 21.7262 21.9091 21.9894 21.9959 21.9931
21.9103 21.6042 20.6697 19.1861 20.3643 19.2781 16.4606 15.6991 16.9483 14.1610 10.2059 12.7273 13.4493 9.5530 6.6764 10.9993 10.5018 5.0073 8.0060 11.5789 9.9333 5.9446 11.0847 13.4342 9.5195 10.9001 15.1878 16.1279 12.4372 16.0459 19.0742 19.2874 17.9035 15.5501 16.4062 15.1486 11.9200 11.7849 12.8477 10.4748 6.5996 8.6890 9.4042 6.0425 4.1052 7.6415 7.3516 3.8344 6.2006 8.8916 7.3499 6.2543 10.9101 13.1860 11.6874 12.7480 16.4232 16.7596 15.8876 18.4344 20.3533 19.8425 20.2589 21.5722 21.8560 21.6309 21.8020 21.9307 21.9910 21.9946 21.9866
21.9771 21.8890 21.3581 20.4359 21.5906 21.1419 18.5781 18.4325 20.1310 17.3634 13.6767 16.7096 17.7840 13.8374 11.2972 15.7647 15.4610 9.8330 12.9305 16.3206 14.2296 10.2751 15.2771 17.3055 12.9076 14.3554 18.5429 18.8400 15.0842 18.9025 21.0855 20.9418 20.1980 17.6305 18.6856 18.2075 14.6917 13.6648 15.4323 13.8998 9.3808 11.2187 12.8715 9.8319 6.5797 10.5101 11.1403 6.6230 7.6740 11.5592 10.7479 7.0367 11.9289 14.9380 12.7480 12.2579 17.6323 18.4297 16.6469 18.2650 20.6053 20.2018 20.0516 21.2200 21.7679 21.3796 21.4209 21.7381 21.9409 21.9639 21.9563
21.9980 21.9947 21.9482 21.8056 21.9724 21.9136 21.1926 20.8994 21.6968 20.5755 17.5197 19.5347 20.3115 16.9454 14.0326 18.0733 17.9588 12.3166 14.6809 17.5971 15.4995 10.5245 15.2366 17.5437 12.4545 12.8967 17.1762 17.5758 12.7002 16.3691 19.5153 19.2821 18.2389 15.3843 17.3702 17.4029 13.4469 12.6973 15.3158 14.1010 9.0463 11.9684 14.1808 11.3621 8.6376 13.2396 13.9607 9.3094 11.3258 15.1236 14.1513 11.0971 16.2389 18.6336 16.4232 17.6323 20.7364 20.9199 19.8533 20.9662 21.6919 21.5439 21.5512 21.8805 21.9569 21.8169 21.8523 21.9483 21.9930 21.9941 21.9915
21.9939 21.9877 21.9363 21.7722 21.9634 21.9054 20.8065 20.4444 21.2307 19.3838 16.2881 17.7992 17.7044 14.0306 11.4972 14.8683 13.8894 8.2966 10.4557 12.5986 10.1099 5.6205 10.1359 11.7995 6.7920 7.7855 11.9826 12.3780 7.8049 11.8552 15.3224 14.9062 13.5061 10.9004 13.0230 12.5919 8.8545 8.3742 10.9059 9.4101 4.9465 7.9188 10.2200 7.5144 5.9122 10.5770 11.6716 7.6339 10.3657 14.1777 13.6035 11.7101 15.8908 18.3007 16.7596 18.4297 20.9199 21.0661 20.6058 21.4512 21.8213 21.7634 21.8595 21.9701 21.9888 21.9528 21.9613 21.9814 21.9957 21.9947 21.9940
21.9906 21.9804 21.8566 21.6217 21.9370 21.7821 20.0876 20.3774 21.1714 18.7005 16.1080 18.5317 18.0281 13.8452 12.7922 16.5360 14.7546 9.2794 13.0677 15.2570 12.0040 8.7170 13.5398 14.7350 9.3511 11.6223 15.5198 15.0588 10.7800 15.3129 18.0570 17.1853 15.4936 12.4144 13.5876 13.6451 10.2004 7.9471 10.2693 9.6220 4.8171 5.9839 8.5591 7.1277 3.8229 7.3365 9.6488 5.9597 6.7620 11.0929 11.6369 9.3164 13.1040 16.6129 15.8876 16.6469 19.8533 20.6058 20.3410 21.2291 21.6595 21.6076 21.7401 21.9378 21.9767 21.9404 21.9534 21.9641 21.9896 21.9904 21.9915
21.9997 21.9996 21.9934 21.9532 21.9977 21.9928 21.7079 21.7758 21.9633 21.5489 19.8270 21.3569 21.3909 18.3302 16.8993 20.2738 19.1120 13.9021 16.9113 19.1458 15.8406 12.4014 16.9962 17.9270 12.3564 14.4243 18.2603 17.4762 12.5585 16.9084 19.4122 18.2262 16.9845 13.1841 15.0479 15.9440 12.8082 10.1720 13.5260 13.2663 8.3383 9.7215 12.8259 11.4202 7.3673 12.0542 14.3752 10.6771 11.3547 15.9165 15.7151 12.4531 16.6440 19.5033 18.4344 18.2650 20.9662 21.4512 21.2291 21.5268 21.7913 21.8254 21.7557 21.9547 21.9902 21.9543 21.9635 21.9865 21.9974 21.9978 21.9956
22.0000 22.0000 21.9992 21.9909 21.9996 21.9993 21.9477 21.9569 21.9950 21.9215 21.1514 21.7235 21.7650 19.8506 18.2522 20.6878 19.4611 14.9484 17.0083 18.7680 15.6617 11.7941 15.4191 16.2290 10.9203 11.8565 15.4859 14.7735 9.1194 13.2222 16.0005 14.7845 13.9604 10.3124 12.8461 14.0146 10.5963 8.4347 12.3443 12.7264 7.9522 9.9194 13.3628 12.6093 9.4940 14.3158 16.0905 12.5974 14.3180 18.3706 18.1236 15.6799 19.4912 21.0961 20.3533 20.6053 21.6919 21.8213 21.6595 21.7913 21.9187 21.9416 21.9142 21.9896 21.9986 21.9913 21.9948 21.9983 21.9997 21.9998 21.9994
21.9996 21.9996 21.9930 21.9703 21.9977 21.9934 21.7750 21.8434 21.9326 21.3160 19.7806 20.9474 20.5430 17.0958 16.3913 18.5278 16.1843 11.8105 14.6684 15.6946 11.7062 9.0085 13.0735 12.4197 7.0485 9.8153 13.3184 11.2782 6.8011 11.3834 13.7918 12.0303 10.7216 7.1482 8.6971 9.7302 6.6639 4.2599 7.4729 7.9453 4.0695 4.8871 8.5712 8.6539 5.8549 10.7396 13.1435 10.5650 11.7335 15.7685 16.6936 14.7882 18.0197 20.1297 19.8425 20.2018 21.5439 21.7634 21.6076 21.8254 21.9416 21.8693 21.8811 21.9835 21.9979 21.9955 21.9968 21.9989 21.9996 21.9994 21.9990
21.9995 21.9995 21.9968 21.9953 21.9996 21.9996 21.9398 21.9773 21.9943 21.8994 21.3773 21.8833 21.8332 19.7995 19.3623 21.1921 19.5263 15.3003 18.4182 19.7364 15.6924 13.4283 17.5292 17.0725 11.5095 14.4677 17.7268 15.4715 11.0257 15.8374 17.7320 15.3078 14.1521 10.2022 11.3621 13.1406 10.5318 6.6913 10.3204 11.5430 7.3180 7.0270 11.2735 11.8902 7.7104 12.2758 15.3638 12.4806 12.0245 16.8720 18.0926 15.1355 17.8137 20.4258 20.2589 20.0516 21.5512 21.8595 21.7401 21.7557 21.9142 21.8811 21.8659 21.9506 21.9927 21.9926 21.9964 21.9983 21.9989 21.9985 21.9967
22.0000 22.0000 22.0000 21.9999 22.0000 22.0000 21.9985 21.9979 21.9998 21.9953 21.9420 21.9942 21.9937 21.6495 21.2769 21.9194 21.6150 18.6118 20.6780 21.2358 18.4356 16.0440 19.5045 19.2728 14.0126 15.8570 18.8112 16.9334 11.9838 16.2053 17.9086 15.5590 15.0166 10.3593 12.0676 14.4577 12.3462 8.6877 12.7726 14.1863 10.1544 10.3767 14.6953 14.8242 11.0250 15.9299 18.5791 15.8849 16.0197 19.9383 20.4379 17.9723 20.3094 21.6123 21.5722 21.2200 21.8805 21.9701 21.9378 21.9547 21.9896 21.9835 21.9506 21.9918 21.9958 21.9911 21.9973 21.9987 21.9996 21.9974 21.9967
22.0000 22.0000 22.0000 22.0000 22.0000 22.0000 21.9997 21.9990 21.9997 21.9951 21.9529 21.9919 21.9902 21.5953 21.2451 21.8488 21.3480 18.2205 19.8701 20.0976 16.9320 14.6291 17.6343 16.8023 11.6137 13.4539 15.5939 13.3763 8.5027 12.5072 14.2770 12.0554 11.3656 6.7075 8.5917 11.6744 9.4756 6.1553 10.5600 12.8476 9.4035 9.9919 14.3277 14.8975 11.9497 16.3776 19.0035 17.1483 17.5287 20.6329 20.9258 19.8658 21.2068 21.8123 21.8560 21.7679 21.9569 21.9888 21.9767 21.9902 21.9986 21.9979 21.9927 21.9958 21.9990 21.9897 21.9991 21.9997 21.9999 21.9999 21.9994
22.0000 22.0000 22.0000 21.9999 22.0000 22.0000 21.9956 21.9929 21.9984 21.9724 21.8066 21.9473 21.9417 20.9384 20.6868 21.6462 20.5821 17.1004 19.4689 19.2639 15.4771 14.2328 17.7191 16.2014 10.9576 13.9892 15.8793 13.2358 9.1701 13.6639 14.3385 11.6045 10.4540 5.9599 6.9213 9.8904 8.0682 4.2883 7.6556 10.2034 7.3953 6.1279 11.1611 12.7496 9.7735 13.5283 16.9151 15.5005 15.1116 18.7479 19.9480 18.6586 20.3658 21.3882 21.6309 21.3796 21.8169 21.9528 21.9404 21.9543 21.9913 21.9955 21.9926 21.9911 21.9897 21.9794 21.9552 21.9928 21.9997 21.9987 21.9967
22.0000 22.0000 22.0000 22.0000 22.0000 22.0000 21.9994 21.9998 22.0000 21.9991 21.9921 21.9991 21.9992 21.9425 21.9030 21.9909 21.9394 20.6634 21.7616 21.8046 19.8071 18.7618 21.1582 20.2816 15.7661 18.2387 20.1581 17.2694 13.4075 17.5759 17.8540 15.4379 14.8061 10.7575 11.7788 14.4833 12.7385 8.4709 12.4308 14.9772 11.9563 10.5051 15.8027 16.8513 13.3227 17.0269 19.8096 18.2817 17.3208 20.5733 21.2389 19.9164 21.0176 21.7262 21.8020 21.4209 21.8523 21.9613 21.9534 21.9635 21.9948 21.9968 21.9964 21.9973 21.9991 21.9552 21.8652 21.8121 21.9736 21.9871 21.9594
22.0000 22.0000 22.0000 22.0000 22.0000 22.0000 22.0000 22.0000 22.0000 22.0000 21.9982 21.9999 21.9999 21.9824 21.9804 21.9983 21.9886 21.6989 21.9578 21.9600 21.3930 20.6868 21.7230 21.1158 17.6782 19.7396 20.6804 18.1275 14.4904 18.0000 17.9177 15.2717 15.4413 11.7715 12.3961 15.2058 14.4136 10.2100 13.9386 16.3874 13.8353 12.3464 17.0829 18.4122 15.2345 18.6392 21.0018 20.1678 19.2051 21.4213 21.6965 20.8285 21.5097 21.9091 21.9307 21.7381 21.9483 21.9814 21.9641 21.9865 21.9983 21.9989 21.9983 21.9987 21.9997 21.9928 21.8121 21.8524 21.9321 21.9331 21.9331
22.0000 22.0000 22.0000 22.0000 22.0000 22.0000 22.0000 22.0000 22.0000 22.0000 22.0000 22.0000 22.0000 21.9993 21.9733 22.0000 21.9992 21.9424 21.9917 21.9934 21.8776 21.6014 21.9127 21.6178 19.0755 20.5849 20.9653 18.4918 15.4766 18.2704 18.0217 15.5224 15.9298 12.6456 13.6363 17.1298 16.1847 12.0190 16.0442 18.8984 16.4397 15.4566 19.8282 20.7277 18.2560 20.9272 21.8127 21.5311 21.1613 21.9049 21.9505 21.6527 21.9078 21.9894 21.9910 21.9409 21.9930 21.9957 21.9896 21.9974 21.9997 21.9996 21.9989 21.9996 21.9999 21.9997 21.9736 21.9321 21.9672 21.8815 21.9322
22.0000 22.0000 22.0000 22.0000 22.0000 22.0000 22.0000 22.0000 22.0000 22.0000 22.0000 22.0000 22.0000 22.0000 22.0000 22.0000 22.0000 21.9975 21.9995 21.9995 21.9850 21.9552 21.9938 21.9659 21.2820 21.7494 21.8212 20.7780 18.6272 20.4155 20.1182 17.3045 17.8576 14.7137 16.1241 19.8246 18.9537 14.5454 18.6168 21.1618 19.7439 18.5607 21.6112 21.7806 20.6920 21.8018 21.9839 21.8850 21.7469 21.9837 21.9880 21.8772 21.9654 21.9959 21.9946 21.9639 21.9941 21.9947 21.9904 21.9978 21.9998 21.9994 21.9985 21.9974 21.9999 21.9987 21.9871 21.9331 21.8815 21.6262 20.5689
21.9998 22.0000 22.0000 22.0000 22.0000 22.0000 22.0000 22.0000 22.0000 22.0000 22.0000 22.0000 22.0000 22.0000 21.9994 22.0000 22.0000 21.9988 21.9996 21.9993 21.9902 21.9782 21.9941 21.9676 21.6761 21.8653 21.8538 21.0725 19.7369 20.8352 20.3675 17.5835 18.2173 15.7655 17.0459 20.4740 19.9609 16.6044 19.8486 21.6282 20.8984 20.1607 21.8890 21.9426 21.5808 21.9372 21.9875 21.9120 21.8346 21.9852 21.9790 21.9064 21.9735 21.9931 21.9866 21.9563 21.9915 21.9940 21.9915 21.9956 21.9994 21.9990 21.9967 21.9967 21.9994 21.9967 21.9594 21.9331 21.9322 20.5689 18.4638
