19 12 3.742
12 19 3.742
5 29 3.78
29 5 3.78
26 5 3.786
5 26 3.786
59 45 3.823
45 59 3.823
22 12 3.824
12 22 3.824
15 15 3.826
48 55 3.834
55 48 3.834
22 8 3.89
8 22 3.89
9 26 3.95
26 9 3.95
12 23 3.962
23 12 3.962
52 52 3.975
26 8 4.061
8 26 4.061
41 62 4.069
62 41 4.069
5 30 4.083
30 5 4.083
19 15 4.093
15 19 4.093
19 16 4.098
16 19 4.098
55 45 4.105
45 55 4.105
41 8 4.161
8 41 4.161
62 38 4.26
38 62 4.26
38 66 4.288
66 38 4.288
15 51 4.343
51 15 4.343
12 26 4.463
26 12 4.463
8 44 4.719
44 8 4.719
48 15 4.738
15 48 4.738
18 15 4.755
15 18 4.755
48 11 4.768
11 48 4.768
59 41 4.817
41 59 4.817
52 48 4.854
48 52 4.854
42 62 4.887
62 42 4.887
58 41 4.946
41 58 4.946
55 18 5.007
18 55 5.007
29 2 5.04
2 29 5.04
48 51 5.147
51 48 5.147
9 23 5.192
23 9 5.192
8 29 5.194
29 8 5.194
23 16 5.391
16 23 5.391
44 12 5.398
12 44 5.398
51 18 5.399
18 51 5.399
16 16 5.48
4 29 5.492
29 4 5.492
25 8 5.532
8 25 5.532
18 12 5.607
12 18 5.607
58 22 5.62
22 58 5.62
44 11 5.711
11 44 5.711
30 2 5.771
2 30 5.771
11 22 5.792
22 11 5.792
37 5 5.807
5 37 5.807
41 4 5.84
4 41 5.84
22 9 5.846
9 22 5.846
62 45 5.855
45 62 5.855
58 45 5.912
45 58 5.912
15 22 5.919
22 15 5.919
22 55 5.945
55 22 5.945
48 59 5.96
59 48 5.96
66 34 5.96
34 66 5.96
42 59 5.984
59 42 5.984
5 41 6.027
41 5 6.027
5 25 6.04
25 5 6.04
44 55 6.042
55 44 6.042
15 16 6.08
16 15 6.08
42 66 6.128
66 42 6.128
44 15 6.148
15 44 6.148
38 65 6.155
65 38 6.155
19 13 6.19
13 19 6.19
55 49 6.201
49 55 6.201
52 55 6.254
55 52 6.254
51 51 6.255
12 15 6.3
15 12 6.3
19 19 6.304
9 30 6.326
30 9 6.326
47 15 6.449
15 47 6.449
6 26 6.455
26 6 6.455
5 34 6.459
34 5 6.459
20 12 6.464
12 20 6.464
45 8 6.489
8 45 6.489
8 23 6.528
23 8 6.528
8 37 6.538
37 8 6.538
51 52 6.54
52 51 6.54
56 45 6.58
45 56 6.58
55 41 6.6
41 55 6.6
5 27 6.603
27 5 6.603
56 48 6.623
48 56 6.623
51 19 6.655
19 51 6.655
37 62 6.664
62 37 6.664
15 55 6.676
55 15 6.676
63 38 6.691
38 63 6.691
34 65 6.708
65 34 6.708
29 1 6.754
1 29 6.754
49 59 6.762
59 49 6.762
19 8 6.782
8 19 6.782
58 25 6.792
25 58 6.792
29 62 6.801
62 29 6.801
49 52 6.802
52 49 6.802
11 19 6.806
19 11 6.806
23 13 6.839
13 23 6.839
18 11 6.882
11 18 6.882
15 14 6.897
14 15 6.897
29 6 6.909
6 29 6.909
35 66 6.921
66 35 6.921
5 22 6.96
22 5 6.96
29 9 6.964
9 29 6.964
51 22 6.98
22 51 6.98
4 26 6.993
26 4 6.993
11 15 6.995
15 11 6.995
8 48 7.014
48 8 7.014
21 12 7.018
12 21 7.018
42 63 7.027
63 42 7.027
56 52 7.037
52 56 7.037
62 25 7.049
25 62 7.049
16 20 7.056
20 16 7.056
12 24 7.082
24 12 7.082
30 1 7.105
1 30 7.105
12 25 7.127
25 12 7.127
59 44 7.128
44 59 7.128
62 34 7.148
34 62 7.148
5 28 7.155
28 5 7.155
31 5 7.173
5 31 7.173
19 14 7.193
14 19 7.193
8 18 7.202
18 8 7.202
4 37 7.21
37 4 7.21
2 26 7.217
26 2 7.217
12 48 7.254
48 12 7.254
54 48 7.254
48 54 7.254
13 22 7.291
22 13 7.291
48 48 7.302
41 63 7.318
63 41 7.318
59 46 7.336
46 59 7.336
51 55 7.35
55 51 7.35
9 27 7.35
27 9 7.35
55 47 7.352
47 55 7.352
21 8 7.357
8 21 7.357
9 19 7.358
19 9 7.358
26 10 7.362
10 26 7.362
45 60 7.367
60 45 7.367
66 41 7.395
41 66 7.395
22 7 7.401
7 22 7.401
8 40 7.407
40 8 7.407
9 25 7.431
25 9 7.431
26 7 7.451
7 26 7.451
62 39 7.473
39 62 7.473
12 16 7.491
16 12 7.491
11 45 7.505
45 11 7.505
4 30 7.507
30 4 7.507
58 44 7.514
44 58 7.514
3 29 7.552
29 3 7.552
54 22 7.556
22 54 7.556
19 17 7.562
17 19 7.562
15 52 7.581
52 15 7.581
18 16 7.597
16 18 7.597
6 30 7.61
30 6 7.61
58 48 7.634
48 58 7.634
55 46 7.641
46 55 7.641
17 15 7.65
15 17 7.65
66 39 7.656
39 66 7.656
49 56 7.674
56 49 7.674
34 2 7.697
2 34 7.697
45 63 7.71
63 45 7.71
11 51 7.724
51 11 7.724
22 10 7.749
10 22 7.749
5 38 7.754
38 5 7.754
16 22 7.778
22 16 7.778
12 41 7.784
41 12 7.784
58 26 7.785
26 58 7.785
5 23 7.789
23 5 7.789
58 29 7.805
29 58 7.805
42 58 7.919
58 42 7.919
62 40 7.945
40 62 7.945
15 20 7.945
20 15 7.945
59 38 7.947
38 59 7.947
17 12 7.951
12 17 7.951
61 41 7.952
41 61 7.952
45 52 7.983
52 45 7.983
8 30 7.991
30 8 7.991
19 55 8.006
55 19 8.006
53 52 8.018
52 53 8.018
53 48 8.021
48 53 8.021
32 5 8.036
5 32 8.036
66 37 8.068
37 66 8.068
8 42 8.072
42 8 8.072
15 13 8.128
13 15 8.128
26 13 8.153
13 26 8.153
51 44 8.185
44 51 8.185
38 4 8.276
4 38 8.276
38 8 8.284
8 38 8.284
18 58 8.297
58 18 8.297
4 22 8.308
22 4 8.308
18 52 8.312
52 18 8.312
45 51 8.329
51 45 8.329
60 41 8.338
41 60 8.338
8 27 8.355
27 8 8.355
4 25 8.363
25 4 8.363
27 12 8.368
12 27 8.368
58 38 8.374
38 58 8.374
8 24 8.401
24 8 8.401
61 38 8.435
38 61 8.435
11 26 8.438
26 11 8.438
7 29 8.441
29 7 8.441
18 19 8.464
19 18 8.464
67 38 8.471
38 67 8.471
29 65 8.503
65 29 8.503
9 24 8.505
24 9 8.505
54 45 8.515
45 54 8.515
11 47 8.527
47 11 8.527
41 11 8.527
11 41 8.527
11 23 8.529
23 11 8.529
16 17 8.538
17 16 8.538
12 40 8.55
40 12 8.55
43 59 8.559
59 43 8.559
62 43 8.571
43 62 8.571
9 41 8.574
41 9 8.574
35 65 8.592
65 35 8.592
19 10 8.592
10 19 8.592
51 16 8.603
16 51 8.603
51 49 8.612
49 51 8.612
15 23 8.615
23 15 8.615
22 14 8.635
14 22 8.635
57 45 8.638
45 57 8.638
12 45 8.639
45 12 8.639
44 62 8.654
62 44 8.654
52 11 8.666
11 52 8.666
38 64 8.688
64 38 8.688
55 42 8.689
42 55 8.689
62 35 8.697
35 62 8.697
44 9 8.714
9 44 8.714
22 59 8.717
59 22 8.717
51 47 8.729
47 51 8.729
15 45 8.729
45 15 8.729
22 6 8.73
6 22 8.73
5 33 8.738
33 5 8.738
15 49 8.742
49 15 8.742
14 51 8.748
51 14 8.748
41 7 8.756
7 41 8.756
24 5 8.769
5 24 8.769
15 50 8.81
50 15 8.81
14 48 8.81
48 14 8.81
58 37 8.854
37 58 8.854
3 26 8.871
26 3 8.871
55 50 8.892
50 55 8.892
48 18 8.903
18 48 8.903
54 18 8.906
18 54 8.906
1 34 8.919
34 1 8.919
8 28 8.94
28 8 8.94
52 50 8.982
50 52 8.982
37 2 8.986
2 37 8.986
15 21 8.992
21 15 8.992
62 22 9.009
22 62 9.009
31 2 9.025
2 31 9.025
23 10 9.038
10 23 9.038
41 57 9.046
57 41 9.046
4 34 9.051
34 4 9.051
45 4 9.07
4 45 9.07
47 12 9.074
12 47 9.074
18 14 9.088
14 18 9.088
49 11 9.101
11 49 9.101
30 3 9.117
3 30 9.117
61 29 9.119
29 61 9.119
43 8 9.157
8 43 9.157
29 66 9.17
66 29 9.17
2 32 9.203
32 2 9.203
13 18 9.215
18 13 9.215
47 19 9.226
19 47 9.226
48 50 9.232
50 48 9.232
29 12 9.233
12 29 9.233
8 20 9.242
20 8 9.242
1 26 9.278
26 1 9.278
18 59 9.279
59 18 9.279
48 57 9.309
57 48 9.309
52 59 9.316
59 52 9.316
2 41 9.341
41 2 9.341
51 12 9.351
12 51 9.351
59 25 9.351
25 59 9.351
56 41 9.381
41 56 9.381
16 13 9.399
13 16 9.399
41 65 9.403
65 41 9.403
43 55 9.404
55 43 9.404
19 20 9.408
20 19 9.408
58 40 9.41
40 58 9.41
7 44 9.413
44 7 9.413
47 52 9.421
52 47 9.421
25 2 9.442
2 25 9.442
8 15 9.452
15 8 9.452
18 9 9.458
9 18 9.458
48 49 9.463
49 48 9.463
65 37 9.476
37 65 9.476
25 6 9.482
6 25 9.482
48 7 9.487
7 48 9.487
28 2 9.49
2 28 9.49
45 61 9.494
61 45 9.494
55 25 9.52
25 55 9.52
9 28 9.549
28 9 9.549
14 55 9.553
55 14 9.553
52 54 9.572
54 52 9.572
12 14 9.6
14 12 9.6
40 59 9.622
59 40 9.622
6 41 9.647
41 6 9.647
59 47 9.649
47 59 9.649
41 3 9.677
3 41 9.677
21 16 9.689
16 21 9.689
7 25 9.708
25 7 9.708
60 42 9.721
42 60 9.721
48 19 9.725
19 48 9.725
62 36 9.73
36 62 9.73
16 14 9.732
14 16 9.732
20 13 9.749
13 20 9.749
66 45 9.773
45 66 9.773
16 48 9.779
48 16 9.779
2 27 9.803
27 2 9.803
15 54 9.811
54 15 9.811
41 54 9.814
54 41 9.814
62 26 9.815
26 62 9.815
51 50 9.825
50 51 9.825
44 56 9.832
56 44 9.832
56 18 9.833
18 56 9.833
34 8 9.841
8 34 9.841
54 44 9.85
44 54 9.85
4 44 9.85
44 4 9.85
2 38 9.857
38 2 9.857
44 52 9.869
52 44 9.869
10 48 9.877
48 10 9.877
9 21 9.878
21 9 9.878
9 37 9.884
37 9 9.884
36 66 9.89
66 36 9.89
47 8 9.901
8 47 9.901
20 9 9.914
9 20 9.914
61 42 9.919
42 61 9.919
21 55 9.933
55 21 9.933
47 48 9.968
48 47 9.968
13 44 9.984
44 13 9.984
42 65 9.992
65 42 9.992
44 16 10.008
16 44 10.008
43 12 10.01
12 43 10.01
16 11 10.013
11 16 10.013
35 5 10.03
5 35 10.03
6 23 10.03
23 6 10.03
19 54 10.034
54 19 10.034
39 8 10.038
8 39 10.038
46 15 10.052
15 46 10.052
10 15 10.078
15 10 10.078
6 27 10.11
27 6 10.11
21 58 10.11
58 21 10.11
1 31 10.115
31 1 10.115
11 21 10.116
21 11 10.116
23 14 10.12
14 23 10.12
7 45 10.131
45 7 10.131
58 23 10.136
23 58 10.136
64 41 10.154
41 64 10.154
60 38 10.172
38 60 10.172
37 59 10.2
59 37 10.2
63 34 10.202
34 63 10.202
40 66 10.203
66 40 10.203
55 11 10.206
11 55 10.206
38 68 10.21
68 38 10.21
53 45 10.217
45 53 10.217
58 43 10.22
43 58 10.22
18 10 10.238
10 18 10.238
1 32 10.244
32 1 10.244
33 2 10.269
2 33 10.269
39 59 10.269
59 39 10.269
22 56 10.275
56 22 10.275
36 5 10.28
5 36 10.28
44 10 10.295
10 44 10.295
5 44 10.296
44 5 10.296
34 61 10.312
61 34 10.312
63 39 10.32
39 63 10.32
4 42 10.324
42 4 10.324
18 18 10.335
17 51 10.342
51 17 10.342
24 16 10.351
16 24 10.351
22 52 10.355
52 22 10.355
64 34 10.359
34 64 10.359
53 49 10.362
49 53 10.362
5 40 10.365
40 5 10.365
8 46 10.365
46 8 10.365
49 58 10.366
58 49 10.366
12 37 10.366
37 12 10.366
64 42 10.377
42 64 10.377
19 7 10.437
7 19 10.437
30 12 10.445
12 30 10.445
33 66 10.454
66 33 10.454
58 19 10.456
19 58 10.456
11 20 10.459
20 11 10.459
11 14 10.462
14 11 10.462
9 31 10.471
31 9 10.471
40 55 10.475
55 40 10.475
43 15 10.477
15 43 10.477
4 28 10.477
28 4 10.477
25 11 10.48
11 25 10.48
48 13 10.487
13 48 10.487
21 5 10.489
5 21 10.489
17 55 10.502
55 17 10.502
67 42 10.505
42 67 10.505
46 56 10.51
56 46 10.51
7 30 10.513
30 7 10.513
53 51 10.514
51 53 10.514
57 22 10.525
22 57 10.525
16 26 10.525
26 16 10.525
37 63 10.532
63 37 10.532
54 49 10.549
49 54 10.549
39 65 10.56
65 39 10.56
48 62 10.565
62 48 10.565
18 47 10.565
47 18 10.565
58 46 10.577
46 58 10.577
37 61 10.596
61 37 10.596
46 11 10.607
11 46 10.607
46 52 10.631
52 46 10.631
7 23 10.64
23 7 10.64
9 15 10.647
15 9 10.647
27 4 10.649
4 27 10.649
60 48 10.677
48 60 10.677
52 19 10.687
19 52 10.687
16 47 10.699
47 16 10.699
8 17 10.701
17 8 10.701
23 17 10.705
17 23 10.705
17 11 10.708
11 17 10.708
7 18 10.716
18 7 10.716
8 36 10.722
36 8 10.722
62 33 10.722
33 62 10.722
12 28 10.725
28 12 10.725
1 28 10.736
28 1 10.736
48 9 10.737
9 48 10.737
46 62 10.74
62 46 10.74
51 56 10.748
56 51 10.748
67 34 10.758
34 67 10.758
29 59 10.78
59 29 10.78
14 44 10.784
44 14 10.784
6 37 10.81
37 6 10.81
51 46 10.828
46 51 10.828
37 3 10.856
3 37 10.856
5 42 10.858
42 5 10.858
20 51 10.865
51 20 10.865
25 3 10.873
3 25 10.873
15 53 10.876
53 15 10.876
18 53 10.884
53 18 10.884
40 4 10.885
4 40 10.885
45 5 10.896
5 45 10.896
26 55 10.9
55 26 10.9
34 58 10.9
58 34 10.9
11 43 10.905
43 11 10.905
54 26 10.905
26 54 10.905
39 58 10.906
58 39 10.906
53 55 10.91
55 53 10.91
25 61 10.92
61 25 10.92
10 29 10.936
29 10 10.936
24 13 10.936
13 24 10.936
19 5 10.954
5 19 10.954
9 45 10.956
45 9 10.956
25 66 10.958
66 25 10.958
52 14 10.967
14 52 10.967
16 55 10.999
55 16 10.999
14 14 11.005
18 50 11.025
50 18 11.025
64 45 11.025
45 64 11.025
29 63 11.026
63 29 11.026
15 41 11.062
41 15 11.062
25 10 11.063
10 25 11.063
23 55 11.085
55 23 11.085
23 4 11.087
4 23 11.087
11 40 11.088
40 11 11.088
50 59 11.093
59 50 11.093
22 2 11.096
2 22 11.096
57 52 11.097
52 57 11.097
22 3 11.11
3 22 11.11
50 22 11.111
22 50 11.111
51 41 11.12
41 51 11.12
13 21 11.124
21 13 11.124
47 56 11.14
56 47 11.14
51 54 11.145
54 51 11.145
43 66 11.161
66 43 11.161
21 51 11.189
51 21 11.189
40 9 11.217
9 40 11.217
3 34 11.218
34 3 11.218
56 42 11.219
42 56 11.219
6 28 11.223
28 6 11.223
12 42 11.239
42 12 11.239
44 19 11.25
19 44 11.25
17 18 11.257
18 17 11.257
31 4 11.261
4 31 11.261
51 23 11.27
23 51 11.27
63 43 11.274
43 63 11.274
62 28 11.278
28 62 11.278
56 15 11.297
15 56 11.297
12 12 11.299
50 19 11.306
19 50 11.306
51 13 11.308
13 51 11.308
25 13 11.31
13 25 11.31
49 8 11.315
8 49 11.315
49 57 11.326
57 49 11.326
49 60 11.355
60 49 11.355
44 57 11.362
57 44 11.362
63 35 11.362
35 63 11.362
50 11 11.363
11 50 11.363
65 33 11.366
33 65 11.366
8 31 11.375
31 8 11.375
5 39 11.376
39 5 11.376
13 27 11.377
27 13 11.377
22 53 11.383
53 22 11.383
62 30 11.383
30 62 11.383
4 48 11.395
48 4 11.395
44 60 11.42
60 44 11.42
11 11 11.426
42 11 11.441
11 42 11.441
20 14 11.463
14 20 11.463
22 19 11.469
19 22 11.469
14 26 11.482
26 14 11.482
4 32 11.491
32 4 11.491
