0.000 5.897 8.334 10.152 14.583 14.727 10.611 12.788 17.291 16.010 13.995 18.068 20.810 18.894 18.749 23.407 25.941 23.243 24.089 20.103 19.643 20.068 16.573 15.521 16.795 14.216 10.692 9.649 5.411 9.778 13.152 12.544 8.743 6.511 12.030 10.304 7.645 10.388 13.268 11.226 6.026 9.652 11.848 7.804 7.016 12.175 12.886 9.819 12.418 15.949 15.433 15.183 18.413 20.666 19.959 20.668 24.401 21.941 22.670 27.173 24.469 29.460 29.656 34.521 34.605 34.252 30.918 27.315 31.347 28.288 25.499 21.573 21.003 25.020 23.137 18.079 21.061 23.617 18.921 17.303 22.158 22.860 17.535 19.673 19.849 19.432 16.976 22.212 21.962 19.135 24.713 22.720 21.041 25.745 22.392 22.175 27.445 27.117 31.149 26.602 24.431 24.189 25.656 25.111 22.813 28.069 25.730 27.853 30.100 32.071 0.000 0.000 0.000 0.000 0.000 0.000 0.000 0.000 0.000 0.000 0.000 0.000 0.000 0.000 0.000 0.000 0.000 0.000 0.000 0.000 0.000 0.000 0.000 0.000 0.000 0.000 0.000 0.000 0.000 0.000 0.000 0.000 0.000 0.000 0.000 0.000 0.000 0.000 0.000 0.000 0.000 0.000 0.000 0.000 0.000 0.000 0.000 0.000 0.000 0.000 0.000 0.000 0.000 0.000 0.000 0.000 0.000 0.000 0.000 0.000 0.000 0.000 0.000 0.000 0.000 0.000 0.000 0.000 0.000 0.000 0.000 0.000 0.000 0.000 0.000 0.000 0.000 0.000 0.000 0.000 0.000 0.000 0.000 0.000 0.000 0.000 0.000 0.000 0.000 0.000 0.000 0.000 0.000 0.000 0.000 0.000 0.000 0.000 0.000 0.000 0.000 0.000 0.000 0.000 0.000 0.000 0.000 0.000 0.000 0.000 0.000 0.000 0.000 0.000 0.000 0.000 0.000 0.000 0.000 0.000 0.000 0.000 0.000 0.000 0.000
5.897 0.000 5.475 7.747 10.364 12.468 8.984 8.652 13.714 14.214 11.650 14.346 18.102 17.340 16.298 20.173 22.974 21.216 22.256 17.995 18.740 18.628 14.272 15.007 16.964 13.393 10.168 11.695 8.730 11.755 16.262 17.094 13.380 12.325 17.892 15.952 12.707 14.632 16.120 13.727 9.745 11.695 12.399 7.704 6.407 10.883 10.362 5.485 8.848 12.384 10.591 9.819 13.923 15.821 14.342 15.228 19.154 17.225 18.490 22.760 20.747 25.932 26.822 31.782 31.321 30.634 26.703 23.541 27.211 23.928 20.774 16.603 16.606 21.084 19.160 14.316 18.068 20.889 16.554 15.458 20.692 21.567 17.066 20.456 21.449 21.934 19.690 24.784 23.427 20.250 25.780 24.093 21.327 26.053 22.404 21.041 26.465 26.566 29.960 25.886 22.958 21.728 22.977 22.414 19.629 24.276 21.990 23.187 26.095 27.588 0.000 0.000 0.000 0.000 0.000 0.000 0.000 0.000 0.000 0.000 0.000 0.000 0.000 0.000 0.000 0.000 0.000 0.000 0.000 0.000 0.000 0.000 0.000 0.000 0.000 0.000 0.000 0.000 0.000 0.000 0.000 0.000 0.000 0.000 0.000 0.000 0.000 0.000 0.000 0.000 0.000 0.000 0.000 0.000 0.000 0.000 0.000 0.000 0.000 0.000 0.000 0.000 0.000 0.000 0.000 0.000 0.000 0.000 0.000 0.000 0.000 0.000 0.000 0.000 0.000 0.000 0.000 0.000 0.000 0.000 0.000 0.000 0.000 0.000 0.000 0.000 0.000 0.000 0.000 0.000 0.000 0.000 0.000 0.000 0.000 0.000 0.000 0.000 0.000 0.000 0.000 0.000 0.000 0.000 0.000 0.000 0.000 0.000 0.000 0.000 0.000 0.000 0.000 0.000 0.000 0.000 0.000 0.000 0.000 0.000 0.000 0.000 0.000 0.000 0.000 0.000 0.000 0.000 0.000 0.000 0.000 0.000 0.000 0.000 0.000
8.334 5.475 0.000 5.630 7.840 8.314 3.907 4.583 9.131 8.774 6.645 9.922 12.926 12.160 12.026 15.725 18.927 17.157 19.219 15.906 15.946 14.671 11.280 12.864 13.340 8.898 7.987 8.917 7.328 8.658 13.056 15.388 12.192 13.259 18.627 17.756 12.925 16.212 16.734 16.072 11.674 11.404 13.595 10.664 6.269 10.238 11.957 7.464 6.807 11.903 11.812 8.997 11.877 15.468 14.635 13.626 17.609 14.476 16.238 21.267 19.944 24.421 26.054 30.743 29.733 29.823 25.798 23.431 27.754 25.072 22.516 17.613 19.101 22.960 19.845 15.804 20.495 22.069 17.222 17.755 22.779 22.440 18.022 20.669 22.884 22.500 19.184 24.411 23.510 19.220 24.345 21.720 19.200 24.085 21.444 19.188 24.431 25.635 29.398 25.971 22.216 21.955 22.095 20.644 17.143 21.956 18.596 20.527 22.363 23.931 0.000 0.000 0.000 0.000 0.000 0.000 0.000 0.000 0.000 0.000 0.000 0.000 0.000 0.000 0.000 0.000 0.000 0.000 0.000 0.000 0.000 0.000 0.000 0.000 0.000 0.000 0.000 0.000 0.000 0.000 0.000 0.000 0.000 0.000 0.000 0.000 0.000 0.000 0.000 0.000 0.000 0.000 0.000 0.000 0.000 0.000 0.000 0.000 0.000 0.000 0.000 0.000 0.000 0.000 0.000 0.000 0.000 0.000 0.000 0.000 0.000 0.000 0.000 0.000 0.000 0.000 0.000 0.000 0.000 0.000 0.000 0.000 0.000 0.000 0.000 0.000 0.000 0.000 0.000 0.000 0.000 0.000 0.000 0.000 0.000 0.000 0.000 0.000 0.000 0.000 0.000 0.000 0.000 0.000 0.000 0.000 0.000 0.000 0.000 0.000 0.000 0.000 0.000 0.000 0.000 0.000 0.000 0.000 0.000 0.000 0.000 0.000 0.000 0.000 0.000 0.000 0.000 0.000 0.000 0.000 0.000 0.000 0.000 0.000 0.000
10.152 7.747 5.630 0.000 5.419 5.478 5.103 6.906 9.313 9.941 10.652 12.631 14.721 15.325 16.338 18.827 22.745 21.568 24.300 21.304 21.298 19.407 16.527 18.399 18.169 13.416 13.492 12.950 9.496 8.377 13.897 15.797 14.367 14.471 19.751 19.768 15.792 19.854 21.381 20.268 15.314 16.266 18.681 14.902 11.387 15.813 16.898 11.746 12.014 16.957 15.683 12.146 15.935 19.333 17.122 15.710 20.328 17.483 20.377 25.285 24.701 29.140 31.205 35.877 34.516 34.496 30.043 28.079 31.972 28.977 25.849 21.092 22.500 26.979 24.301 20.270 24.838 27.017 22.456 22.521 27.701 27.809 23.381 26.095 27.882 27.417 24.019 29.388 28.838 24.618 29.743 26.768 24.614 29.525 27.047 24.728 29.902 31.261 34.974 31.543 27.780 27.213 27.351 25.820 21.965 26.268 22.350 23.530 25.191 25.622 0.000 0.000 0.000 0.000 0.000 0.000 0.000 0.000 0.000 0.000 0.000 0.000 0.000 0.000 0.000 0.000 0.000 0.000 0.000 0.000 0.000 0.000 0.000 0.000 0.000 0.000 0.000 0.000 0.000 0.000 0.000 0.000 0.000 0.000 0.000 0.000 0.000 0.000 0.000 0.000 0.000 0.000 0.000 0.000 0.000 0.000 0.000 0.000 0.000 0.000 0.000 0.000 0.000 0.000 0.000 0.000 0.000 0.000 0.000 0.000 0.000 0.000 0.000 0.000 0.000 0.000 0.000 0.000 0.000 0.000 0.000 0.000 0.000 0.000 0.000 0.000 0.000 0.000 0.000 0.000 0.000 0.000 0.000 0.000 0.000 0.000 0.000 0.000 0.000 0.000 0.000 0.000 0.000 0.000 0.000 0.000 0.000 0.000 0.000 0.000 0.000 0.000 0.000 0.000 0.000 0.000 0.000 0.000 0.000 0.000 0.000 0.000 0.000 0.000 0.000 0.000 0.000 0.000 0.000 0.000 0.000 0.000 0.000 0.000 0.000
14.583 10.364 7.840 5.419 0.000 5.518 7.439 5.382 6.155 9.728 10.480 9.968 12.590 14.840 15.233 16.217 20.445 20.420 23.486 20.790 21.596 19.091 16.140 19.424 19.424 14.360 15.218 16.202 14.056 12.891 18.007 20.687 18.981 19.556 24.930 24.590 20.268 23.795 24.522 23.414 19.085 19.208 20.834 17.358 13.826 16.964 17.576 12.436 11.793 16.215 14.475 9.791 13.506 16.822 13.956 11.601 16.364 13.867 17.689 22.270 22.782 26.888 29.750 34.238 32.246 32.146 27.232 26.109 29.641 26.761 23.640 18.785 21.159 25.524 22.659 19.492 24.491 26.414 22.361 23.158 28.204 28.173 24.577 27.813 30.213 30.196 26.923 32.070 30.872 26.443 31.265 28.498 25.706 30.418 28.016 24.798 29.762 31.635 34.796 31.990 27.655 26.570 26.214 24.497 20.207 23.573 19.446 19.629 21.523 21.166 0.000 0.000 0.000 0.000 0.000 0.000 0.000 0.000 0.000 0.000 0.000 0.000 0.000 0.000 0.000 0.000 0.000 0.000 0.000 0.000 0.000 0.000 0.000 0.000 0.000 0.000 0.000 0.000 0.000 0.000 0.000 0.000 0.000 0.000 0.000 0.000 0.000 0.000 0.000 0.000 0.000 0.000 0.000 0.000 0.000 0.000 0.000 0.000 0.000 0.000 0.000 0.000 0.000 0.000 0.000 0.000 0.000 0.000 0.000 0.000 0.000 0.000 0.000 0.000 0.000 0.000 0.000 0.000 0.000 0.000 0.000 0.000 0.000 0.000 0.000 0.000 0.000 0.000 0.000 0.000 0.000 0.000 0.000 0.000 0.000 0.000 0.000 0.000 0.000 0.000 0.000 0.000 0.000 0.000 0.000 0.000 0.000 0.000 0.000 0.000 0.000 0.000 0.000 0.000 0.000 0.000 0.000 0.000 0.000 0.000 0.000 0.000 0.000 0.000 0.000 0.000 0.000 0.000 0.000 0.000 0.000 0.000 0.000 0.000 0.000
14.727 12.468 8.314 5.478 5.518 0.000 5.316 7.219 5.932 6.415 9.640 10.541 10.900 12.601 14.839 16.066 20.434 19.768 23.498 21.599 21.211 18.181 16.583 19.251 17.767 12.749 15.070 14.230 12.331 9.320 13.907 17.141 16.562 18.093 22.910 23.601 18.841 23.411 24.195 24.067 19.178 18.809 21.734 18.908 14.416 17.885 19.912 15.166 13.473 18.588 18.202 13.605 16.116 20.403 18.546 15.571 19.946 16.395 19.915 25.059 25.373 29.006 31.815 36.116 34.156 34.737 30.181 29.109 33.266 30.765 28.084 22.990 25.449 29.457 26.056 22.822 27.914 29.263 24.625 25.752 30.726 30.065 25.967 28.252 30.884 29.958 25.967 31.210 30.892 26.004 30.563 26.955 25.028 29.803 28.223 25.142 29.890 32.197 35.971 33.219 28.849 28.839 28.080 25.886 21.522 25.414 20.568 21.986 22.481 22.477 0.000 0.000 0.000 0.000 0.000 0.000 0.000 0.000 0.000 0.000 0.000 0.000 0.000 0.000 0.000 0.000 0.000 0.000 0.000 0.000 0.000 0.000 0.000 0.000 0.000 0.000 0.000 0.000 0.000 0.000 0.000 0.000 0.000 0.000 0.000 0.000 0.000 0.000 0.000 0.000 0.000 0.000 0.000 0.000 0.000 0.000 0.000 0.000 0.000 0.000 0.000 0.000 0.000 0.000 0.000 0.000 0.000 0.000 0.000 0.000 0.000 0.000 0.000 0.000 0.000 0.000 0.000 0.000 0.000 0.000 0.000 0.000 0.000 0.000 0.000 0.000 0.000 0.000 0.000 0.000 0.000 0.000 0.000 0.000 0.000 0.000 0.000 0.000 0.000 0.000 0.000 0.000 0.000 0.000 0.000 0.000 0.000 0.000 0.000 0.000 0.000 0.000 0.000 0.000 0.000 0.000 0.000 0.000 0.000 0.000 0.000 0.000 0.000 0.000 0.000 0.000 0.000 0.000 0.000 0.000 0.000 0.000 0.000 0.000 0.000
10.611 8.984 3.907 5.103 7.439 5.316 0.000 5.302 7.396 5.724 6.198 9.502 10.933 10.493 11.999 15.058 18.731 17.039 20.017 17.613 16.947 14.724 12.643 14.447 13.391 8.545 9.955 9.168 7.788 6.553 11.000 14.151 12.204 14.131 19.103 19.240 14.076 18.366 18.895 18.992 14.229 13.496 16.608 14.202 9.354 12.995 15.532 11.299 9.493 14.805 15.207 11.555 13.748 18.054 17.199 15.091 19.136 15.398 17.729 23.051 22.303 26.235 28.311 32.761 31.401 31.962 27.883 26.060 30.577 28.148 25.755 20.669 22.664 26.378 22.899 19.261 24.149 25.315 20.354 21.363 26.256 25.468 21.044 23.092 25.644 24.643 20.716 25.984 25.668 20.902 25.670 22.290 20.341 25.223 23.372 20.806 25.761 27.603 31.614 28.518 24.483 24.798 24.370 22.411 18.529 23.224 19.018 21.282 22.148 23.401 0.000 0.000 0.000 0.000 0.000 0.000 0.000 0.000 0.000 0.000 0.000 0.000 0.000 0.000 0.000 0.000 0.000 0.000 0.000 0.000 0.000 0.000 0.000 0.000 0.000 0.000 0.000 0.000 0.000 0.000 0.000 0.000 0.000 0.000 0.000 0.000 0.000 0.000 0.000 0.000 0.000 0.000 0.000 0.000 0.000 0.000 0.000 0.000 0.000 0.000 0.000 0.000 0.000 0.000 0.000 0.000 0.000 0.000 0.000 0.000 0.000 0.000 0.000 0.000 0.000 0.000 0.000 0.000 0.000 0.000 0.000 0.000 0.000 0.000 0.000 0.000 0.000 0.000 0.000 0.000 0.000 0.000 0.000 0.000 0.000 0.000 0.000 0.000 0.000 0.000 0.000 0.000 0.000 0.000 0.000 0.000 0.000 0.000 0.000 0.000 0.000 0.000 0.000 0.000 0.000 0.000 0.000 0.000 0.000 0.000 0.000 0.000 0.000 0.000 0.000 0.000 0.000 0.000 0.000 0.000 0.000 0.000 0.000 0.000 0.000
12.788 8.652 4.583 6.906 5.382 7.219 5.302 0.000 5.332 7.381 5.624 6.232 9.943 10.846 10.345 12.571 16.289 15.629 18.320 15.509 16.241 14.015 10.790 14.123 14.425 9.525 10.259 12.269 11.678 11.770 16.063 19.152 16.357 17.805 23.121 22.311 17.319 20.379 20.239 19.732 15.879 14.861 16.420 13.915 9.713 11.990 13.385 8.956 6.720 11.525 11.188 6.654 9.285 13.359 12.105 9.820 14.022 10.728 13.553 18.587 18.416 22.501 25.043 29.542 27.840 28.004 23.500 22.026 26.172 23.668 21.188 16.013 18.624 22.337 18.842 15.717 20.959 22.153 17.729 19.152 24.013 23.408 19.828 22.825 25.692 25.582 22.274 27.238 25.884 21.301 25.995 23.385 20.386 25.061 22.713 19.438 24.426 26.322 29.629 26.891 22.472 21.865 21.339 19.524 15.372 19.410 15.521 16.799 18.645 19.653 0.000 0.000 0.000 0.000 0.000 0.000 0.000 0.000 0.000 0.000 0.000 0.000 0.000 0.000 0.000 0.000 0.000 0.000 0.000 0.000 0.000 0.000 0.000 0.000 0.000 0.000 0.000 0.000 0.000 0.000 0.000 0.000 0.000 0.000 0.000 0.000 0.000 0.000 0.000 0.000 0.000 0.000 0.000 0.000 0.000 0.000 0.000 0.000 0.000 0.000 0.000 0.000 0.000 0.000 0.000 0.000 0.000 0.000 0.000 0.000 0.000 0.000 0.000 0.000 0.000 0.000 0.000 0.000 0.000 0.000 0.000 0.000 0.000 0.000 0.000 0.000 0.000 0.000 0.000 0.000 0.000 0.000 0.000 0.000 0.000 0.000 0.000 0.000 0.000 0.000 0.000 0.000 0.000 0.000 0.000 0.000 0.000 0.000 0.000 0.000 0.000 0.000 0.000 0.000 0.000 0.000 0.000 0.000 0.000 0.000 0.000 0.000 0.000 0.000 0.000 0.000 0.000 0.000 0.000 0.000 0.000 0.000 0.000 0.000 0.000
17.291 13.714 9.131 9.313 6.155 5.932 7.396 5.332 0.000 5.453 7.170 5.243 6.501 9.675 10.758 10.730 15.253 15.525 19.431 17.952 18.280 14.770 13.230 17.199 16.117 11.146 14.109 15.216 15.097 13.390 17.181 21.053 19.341 21.487 26.484 26.432 21.118 24.834 24.472 24.613 20.574 19.018 21.117 19.101 14.495 16.276 18.264 14.202 11.041 15.442 15.577 10.432 11.582 16.183 14.885 10.872 14.737 10.874 14.774 19.802 20.874 23.980 27.389 31.429 29.011 29.733 25.050 24.682 28.826 26.763 24.590 19.365 22.797 26.167 22.261 20.018 25.466 26.082 21.819 23.947 28.567 27.438 24.208 26.770 30.170 29.637 25.840 30.691 29.658 24.587 28.697 25.467 22.818 27.277 25.848 21.909 26.341 29.163 32.440 30.388 25.489 25.324 23.941 21.485 16.814 20.042 14.993 16.171 16.636 16.721 0.000 0.000 0.000 0.000 0.000 0.000 0.000 0.000 0.000 0.000 0.000 0.000 0.000 0.000 0.000 0.000 0.000 0.000 0.000 0.000 0.000 0.000 0.000 0.000 0.000 0.000 0.000 0.000 0.000 0.000 0.000 0.000 0.000 0.000 0.000 0.000 0.000 0.000 0.000 0.000 0.000 0.000 0.000 0.000 0.000 0.000 0.000 0.000 0.000 0.000 0.000 0.000 0.000 0.000 0.000 0.000 0.000 0.000 0.000 0.000 0.000 0.000 0.000 0.000 0.000 0.000 0.000 0.000 0.000 0.000 0.000 0.000 0.000 0.000 0.000 0.000 0.000 0.000 0.000 0.000 0.000 0.000 0.000 0.000 0.000 0.000 0.000 0.000 0.000 0.000 0.000 0.000 0.000 0.000 0.000 0.000 0.000 0.000 0.000 0.000 0.000 0.000 0.000 0.000 0.000 0.000 0.000 0.000 0.000 0.000 0.000 0.000 0.000 0.000 0.000 0.000 0.000 0.000 0.000 0.000 0.000 0.000 0.000 0.000 0.000
16.010 14.214 8.774 9.941 9.728 6.415 5.724 7.381 5.453 0.000 5.365 7.119 5.851 6.262 9.502 11.112 15.112 13.924 18.061 17.140 16.055 12.419 12.224 14.989 12.482 7.728 12.034 11.490 12.315 10.006 12.520 16.926 15.605 18.781 23.167 23.714 17.991 22.304 21.820 22.942 18.663 16.477 19.723 18.510 13.237 15.177 18.527 15.096 11.375 16.236 17.702 13.362 13.686 18.784 18.615 15.088 18.443 13.942 16.569 22.023 22.199 25.055 27.889 31.821 29.845 31.128 27.105 26.276 31.062 29.295 27.541 22.245 25.288 28.308 24.080 21.498 26.777 26.915 22.051 24.274 28.745 27.070 23.260 24.795 28.311 26.929 22.550 27.419 27.219 21.832 25.728 21.788 20.022 24.562 23.819 20.350 24.635 27.583 31.550 29.350 24.683 25.663 24.179 21.479 17.158 21.333 16.190 19.025 18.441 19.670 0.000 0.000 0.000 0.000 0.000 0.000 0.000 0.000 0.000 0.000 0.000 0.000 0.000 0.000 0.000 0.000 0.000 0.000 0.000 0.000 0.000 0.000 0.000 0.000 0.000 0.000 0.000 0.000 0.000 0.000 0.000 0.000 0.000 0.000 0.000 0.000 0.000 0.000 0.000 0.000 0.000 0.000 0.000 0.000 0.000 0.000 0.000 0.000 0.000 0.000 0.000 0.000 0.000 0.000 0.000 0.000 0.000 0.000 0.000 0.000 0.000 0.000 0.000 0.000 0.000 0.000 0.000 0.000 0.000 0.000 0.000 0.000 0.000 0.000 0.000 0.000 0.000 0.000 0.000 0.000 0.000 0.000 0.000 0.000 0.000 0.000 0.000 0.000 0.000 0.000 0.000 0.000 0.000 0.000 0.000 0.000 0.000 0.000 0.000 0.000 0.000 0.000 0.000 0.000 0.000 0.000 0.000 0.000 0.000 0.000 0.000 0.000 0.000 0.000 0.000 0.000 0.000 0.000 0.000 0.000 0.000 0.000 0.000 0.000 0.000
13.995 11.650 6.645 10.652 10.480 9.640 6.198 5.624 7.170 5.365 0.000 5.262 7.363 5.809 5.812 9.619 12.746 10.942 14.012 12.151 11.652 8.878 7.118 10.203 9.197 4.228 7.447 9.240 11.177 11.346 13.800 17.666 14.633 17.634 22.286 21.741 15.937 19.101 17.925 18.911 15.422 12.609 15.039 14.378 9.242 10.079 13.514 10.888 6.362 11.025 13.209 9.725 9.374 14.377 15.137 12.494 15.392 11.036 12.484 17.988 17.339 20.633 22.975 27.149 25.602 26.597 22.803 21.382 26.323 24.590 23.100 17.872 20.748 23.402 19.095 16.472 21.689 21.610 16.699 19.131 23.460 21.732 18.090 19.972 23.639 22.756 18.851 23.577 22.675 17.474 21.634 18.463 15.841 20.476 19.044 15.574 20.252 22.751 26.571 24.190 19.567 20.361 19.136 16.730 12.687 17.484 13.266 16.427 16.933 19.243 0.000 0.000 0.000 0.000 0.000 0.000 0.000 0.000 0.000 0.000 0.000 0.000 0.000 0.000 0.000 0.000 0.000 0.000 0.000 0.000 0.000 0.000 0.000 0.000 0.000 0.000 0.000 0.000 0.000 0.000 0.000 0.000 0.000 0.000 0.000 0.000 0.000 0.000 0.000 0.000 0.000 0.000 0.000 0.000 0.000 0.000 0.000 0.000 0.000 0.000 0.000 0.000 0.000 0.000 0.000 0.000 0.000 0.000 0.000 0.000 0.000 0.000 0.000 0.000 0.000 0.000 0.000 0.000 0.000 0.000 0.000 0.000 0.000 0.000 0.000 0.000 0.000 0.000 0.000 0.000 0.000 0.000 0.000 0.000 0.000 0.000 0.000 0.000 0.000 0.000 0.000 0.000 0.000 0.000 0.000 0.000 0.000 0.000 0.000 0.000 0.000 0.000 0.000 0.000 0.000 0.000 0.000 0.000 0.000 0.000 0.000 0.000 0.000 0.000 0.000 0.000 0.000 0.000 0.000 0.000 0.000 0.000 0.000 0.000 0.000
18.068 14.346 9.922 12.631 9.968 10.541 9.502 6.232 5.243 7.119 5.262 0.000 5.285 7.353 6.189 6.415 10.490 10.861 14.466 13.182 13.980 10.502 8.879 13.603 13.112 8.859 11.820 14.490 15.960 15.592 18.513 22.542 19.789 22.429 27.318 26.623 21.004 23.824 22.433 23.002 19.893 17.253 18.686 17.799 13.308 13.315 15.597 12.863 8.313 11.705 13.152 8.614 7.392 12.520 12.833 8.777 11.448 6.829 9.902 15.173 16.137 18.902 22.367 26.275 23.867 24.798 20.383 20.116 24.610 23.053 21.623 16.356 20.268 22.763 18.300 16.781 22.306 22.045 17.918 20.918 25.055 23.359 20.750 23.251 27.221 26.898 23.357 27.742 26.210 21.127 24.822 22.056 18.864 23.016 21.669 17.270 21.484 24.530 27.566 25.944 20.787 20.831 19.002 16.359 11.627 14.981 10.051 12.103 12.722 14.263 0.000 0.000 0.000 0.000 0.000 0.000 0.000 0.000 0.000 0.000 0.000 0.000 0.000 0.000 0.000 0.000 0.000 0.000 0.000 0.000 0.000 0.000 0.000 0.000 0.000 0.000 0.000 0.000 0.000 0.000 0.000 0.000 0.000 0.000 0.000 0.000 0.000 0.000 0.000 0.000 0.000 0.000 0.000 0.000 0.000 0.000 0.000 0.000 0.000 0.000 0.000 0.000 0.000 0.000 0.000 0.000 0.000 0.000 0.000 0.000 0.000 0.000 0.000 0.000 0.000 0.000 0.000 0.000 0.000 0.000 0.000 0.000 0.000 0.000 0.000 0.000 0.000 0.000 0.000 0.000 0.000 0.000 0.000 0.000 0.000 0.000 0.000 0.000 0.000 0.000 0.000 0.000 0.000 0.000 0.000 0.000 0.000 0.000 0.000 0.000 0.000 0.000 0.000 0.000 0.000 0.000 0.000 0.000 0.000 0.000 0.000 0.000 0.000 0.000 0.000 0.000 0.000 0.000 0.000 0.000 0.000 0.000 0.000 0.000 0.000
20.810 18.102 12.926 14.721 12.590 10.900 10.933 9.943 6.501 5.851 7.363 5.285 0.000 5.212 7.555 6.101 10.478 10.809 15.656 15.948 15.439 10.909 11.804 15.833 13.444 9.647 14.502 15.547 17.491 15.784 17.670 22.319 20.592 24.039 28.401 28.554 22.624 26.225 24.778 26.196 22.709 19.647 22.083 21.649 16.597 16.828 20.056 17.440 12.700 16.301 18.334 13.842 12.300 17.486 18.000 13.525 15.694 10.937 13.705 18.799 20.108 21.868 25.549 28.936 26.261 27.979 23.939 24.221 28.936 27.818 26.721 21.499 25.492 27.733 23.017 21.717 27.182 26.445 22.133 25.403 29.358 27.111 24.347 25.945 30.227 29.123 24.942 29.226 28.467 22.937 26.010 22.351 20.082 24.013 23.842 19.381 22.921 26.725 30.126 28.924 23.684 24.717 22.312 19.132 14.498 17.544 11.770 14.712 13.009 14.320 0.000 0.000 0.000 0.000 0.000 0.000 0.000 0.000 0.000 0.000 0.000 0.000 0.000 0.000 0.000 0.000 0.000 0.000 0.000 0.000 0.000 0.000 0.000 0.000 0.000 0.000 0.000 0.000 0.000 0.000 0.000 0.000 0.000 0.000 0.000 0.000 0.000 0.000 0.000 0.000 0.000 0.000 0.000 0.000 0.000 0.000 0.000 0.000 0.000 0.000 0.000 0.000 0.000 0.000 0.000 0.000 0.000 0.000 0.000 0.000 0.000 0.000 0.000 0.000 0.000 0.000 0.000 0.000 0.000 0.000 0.000 0.000 0.000 0.000 0.000 0.000 0.000 0.000 0.000 0.000 0.000 0.000 0.000 0.000 0.000 0.000 0.000 0.000 0.000 0.000 0.000 0.000 0.000 0.000 0.000 0.000 0.000 0.000 0.000 0.000 0.000 0.000 0.000 0.000 0.000 0.000 0.000 0.000 0.000 0.000 0.000 0.000 0.000 0.000 0.000 0.000 0.000 0.000 0.000 0.000 0.000 0.000 0.000 0.000 0.000
18.894 17.340 12.160 15.325 14.840 12.601 10.493 10.846 9.675 6.262 5.809 7.353 5.212 0.000 5.221 7.502 10.190 8.136 12.665 13.138 11.370 6.949 9.071 11.832 8.480 5.553 11.175 11.745 15.014 14.076 14.700 19.360 17.177 21.275 25.132 25.248 19.123 22.546 20.661 22.858 19.677 15.872 18.815 19.332 14.146 13.895 18.123 16.425 11.401 14.930 18.118 14.670 12.656 17.888 19.438 15.920 17.800 12.941 13.988 19.309 19.281 21.106 23.867 27.291 25.354 27.341 24.047 23.503 28.750 27.813 27.084 21.927 25.364 27.224 22.367 20.716 25.862 24.712 19.954 23.271 26.964 24.282 21.136 21.904 26.306 24.688 20.261 24.403 24.083 18.397 21.318 17.321 15.520 19.561 19.763 15.804 19.361 23.030 27.013 25.554 20.637 22.621 20.348 17.175 13.190 17.460 12.450 16.818 15.219 18.017 0.000 0.000 0.000 0.000 0.000 0.000 0.000 0.000 0.000 0.000 0.000 0.000 0.000 0.000 0.000 0.000 0.000 0.000 0.000 0.000 0.000 0.000 0.000 0.000 0.000 0.000 0.000 0.000 0.000 0.000 0.000 0.000 0.000 0.000 0.000 0.000 0.000 0.000 0.000 0.000 0.000 0.000 0.000 0.000 0.000 0.000 0.000 0.000 0.000 0.000 0.000 0.000 0.000 0.000 0.000 0.000 0.000 0.000 0.000 0.000 0.000 0.000 0.000 0.000 0.000 0.000 0.000 0.000 0.000 0.000 0.000 0.000 0.000 0.000 0.000 0.000 0.000 0.000 0.000 0.000 0.000 0.000 0.000 0.000 0.000 0.000 0.000 0.000 0.000 0.000 0.000 0.000 0.000 0.000 0.000 0.000 0.000 0.000 0.000 0.000 0.000 0.000 0.000 0.000 0.000 0.000 0.000 0.000 0.000 0.000 0.000 0.000 0.000 0.000 0.000 0.000 0.000 0.000 0.000 0.000 0.000 0.000 0.000 0.000 0.000
18.749 16.298 12.026 16.338 15.233 14.839 11.999 10.345 10.758 9.502 5.812 6.189 7.555 5.221 0.000 5.784 7.319 5.298 8.786 8.458 8.188 4.340 4.706 9.011 8.098 5.967 9.461 12.572 16.056 16.643 17.910 22.007 18.625 22.149 26.359 25.453 19.542 21.711 19.185 20.946 18.732 14.648 16.176 17.143 12.675 10.813 14.515 13.795 8.369 10.483 14.270 11.645 8.317 13.261 15.738 12.837 13.881 9.331 9.112 14.410 14.062 16.102 18.837 22.479 20.632 22.298 19.004 18.285 23.570 22.780 22.405 17.419 21.024 22.362 17.347 16.233 21.343 19.819 15.378 19.221 22.615 19.862 17.425 18.861 23.516 22.729 19.074 22.876 21.472 16.119 19.128 16.327 13.146 17.062 16.440 11.871 15.772 19.232 22.706 21.383 16.178 17.677 15.316 12.228 8.072 12.738 8.529 13.086 12.769 16.430 0.000 0.000 0.000 0.000 0.000 0.000 0.000 0.000 0.000 0.000 0.000 0.000 0.000 0.000 0.000 0.000 0.000 0.000 0.000 0.000 0.000 0.000 0.000 0.000 0.000 0.000 0.000 0.000 0.000 0.000 0.000 0.000 0.000 0.000 0.000 0.000 0.000 0.000 0.000 0.000 0.000 0.000 0.000 0.000 0.000 0.000 0.000 0.000 0.000 0.000 0.000 0.000 0.000 0.000 0.000 0.000 0.000 0.000 0.000 0.000 0.000 0.000 0.000 0.000 0.000 0.000 0.000 0.000 0.000 0.000 0.000 0.000 0.000 0.000 0.000 0.000 0.000 0.000 0.000 0.000 0.000 0.000 0.000 0.000 0.000 0.000 0.000 0.000 0.000 0.000 0.000 0.000 0.000 0.000 0.000 0.000 0.000 0.000 0.000 0.000 0.000 0.000 0.000 0.000 0.000 0.000 0.000 0.000 0.000 0.000 0.000 0.000 0.000 0.000 0.000 0.000 0.000 0.000 0.000 0.000 0.000 0.000 0.000 0.000 0.000
23.407 20.173 15.725 18.827 16.217 16.066 15.058 12.571 10.730 11.112 9.619 6.415 6.101 7.502 5.784 0.000 4.705 6.932 11.372 12.472 13.001 8.747 9.904 14.619 13.408 11.118 15.030 17.833 20.732 20.321 21.919 26.399 23.664 27.127 31.506 30.865 24.937 27.380 24.951 26.489 24.136 20.354 21.626 22.156 17.766 16.139 19.013 17.798 12.592 14.213 17.089 13.571 9.858 14.486 16.424 12.194 12.433 7.869 9.181 13.713 15.546 16.308 20.436 23.403 20.393 22.381 18.609 19.566 24.296 23.901 23.705 18.840 23.352 24.499 19.412 19.415 24.678 22.965 19.355 23.528 26.727 23.976 22.393 24.101 28.919 28.338 24.759 28.312 26.732 21.476 23.829 21.082 17.994 21.191 21.122 15.964 18.818 23.018 25.709 25.354 19.799 20.793 17.678 14.257 9.682 11.772 5.862 9.844 7.782 10.994 0.000 0.000 0.000 0.000 0.000 0.000 0.000 0.000 0.000 0.000 0.000 0.000 0.000 0.000 0.000 0.000 0.000 0.000 0.000 0.000 0.000 0.000 0.000 0.000 0.000 0.000 0.000 0.000 0.000 0.000 0.000 0.000 0.000 0.000 0.000 0.000 0.000 0.000 0.000 0.000 0.000 0.000 0.000 0.000 0.000 0.000 0.000 0.000 0.000 0.000 0.000 0.000 0.000 0.000 0.000 0.000 0.000 0.000 0.000 0.000 0.000 0.000 0.000 0.000 0.000 0.000 0.000 0.000 0.000 0.000 0.000 0.000 0.000 0.000 0.000 0.000 0.000 0.000 0.000 0.000 0.000 0.000 0.000 0.000 0.000 0.000 0.000 0.000 0.000 0.000 0.000 0.000 0.000 0.000 0.000 0.000 0.000 0.000 0.000 0.000 0.000 0.000 0.000 0.000 0.000 0.000 0.000 0.000 0.000 0.000 0.000 0.000 0.000 0.000 0.000 0.000 0.000 0.000 0.000 0.000 0.000 0.000 0.000 0.000 0.000
25.941 22.974 18.927 22.745 20.445 20.434 18.731 16.289 15.253 15.112 12.746 10.490 10.478 10.190 7.319 4.705 0.000 4.826 8.234 10.885 11.575 8.120 10.306 14.388 13.617 13.040 16.349 19.667 23.366 23.602 24.545 28.919 25.744 29.436 33.496 32.519 26.634 28.339 25.150 27.139 25.646 21.256 21.982 23.535 19.627 16.776 19.713 19.780 14.543 14.700 18.475 16.114 11.343 15.041 18.243 14.792 13.626 9.941 8.839 12.245 13.860 13.224 17.321 19.651 16.592 19.249 16.356 17.678 22.577 23.003 23.751 19.394 23.887 23.967 18.656 19.600 24.370 21.642 18.552 23.355 25.721 22.318 21.613 22.837 28.065 27.559 24.352 27.120 25.244 20.260 21.643 19.489 16.233 18.515 19.037 13.617 15.368 20.067 22.360 22.842 17.248 18.862 15.051 11.336 7.671 8.931 4.216 9.758 7.044 12.106 0.000 0.000 0.000 0.000 0.000 0.000 0.000 0.000 0.000 0.000 0.000 0.000 0.000 0.000 0.000 0.000 0.000 0.000 0.000 0.000 0.000 0.000 0.000 0.000 0.000 0.000 0.000 0.000 0.000 0.000 0.000 0.000 0.000 0.000 0.000 0.000 0.000 0.000 0.000 0.000 0.000 0.000 0.000 0.000 0.000 0.000 0.000 0.000 0.000 0.000 0.000 0.000 0.000 0.000 0.000 0.000 0.000 0.000 0.000 0.000 0.000 0.000 0.000 0.000 0.000 0.000 0.000 0.000 0.000 0.000 0.000 0.000 0.000 0.000 0.000 0.000 0.000 0.000 0.000 0.000 0.000 0.000 0.000 0.000 0.000 0.000 0.000 0.000 0.000 0.000 0.000 0.000 0.000 0.000 0.000 0.000 0.000 0.000 0.000 0.000 0.000 0.000 0.000 0.000 0.000 0.000 0.000 0.000 0.000 0.000 0.000 0.000 0.000 0.000 0.000 0.000 0.000 0.000 0.000 0.000 0.000 0.000 0.000 0.000 0.000
23.243 21.216 17.157 21.568 20.420 19.768 17.039 15.629 15.525 13.924 10.942 10.861 10.809 8.136 5.298 6.932 4.826 0.000 5.293 8.275 7.314 3.648 7.616 10.453 9.108 9.764 13.052 15.975 20.332 20.998 21.211 25.398 22.034 26.037 29.676 28.748 22.845 24.465 21.059 23.642 22.270 17.456 18.670 20.853 16.843 13.806 17.661 18.194 12.900 13.410 17.982 16.162 11.767 15.811 19.328 16.543 16.184 12.146 10.365 14.462 14.202 14.388 17.104 19.816 17.872 20.528 18.266 18.209 23.658 23.861 24.521 20.048 23.814 23.997 18.696 18.760 23.331 20.563 16.726 21.350 23.728 20.034 18.614 19.072 24.363 23.333 19.853 22.612 21.203 15.941 17.371 14.777 11.813 14.494 15.318 10.282 12.512 17.096 20.358 20.205 14.886 17.566 14.179 10.516 7.520 11.239 7.879 13.601 11.840 16.689 0.000 0.000 0.000 0.000 0.000 0.000 0.000 0.000 0.000 0.000 0.000 0.000 0.000 0.000 0.000 0.000 0.000 0.000 0.000 0.000 0.000 0.000 0.000 0.000 0.000 0.000 0.000 0.000 0.000 0.000 0.000 0.000 0.000 0.000 0.000 0.000 0.000 0.000 0.000 0.000 0.000 0.000 0.000 0.000 0.000 0.000 0.000 0.000 0.000 0.000 0.000 0.000 0.000 0.000 0.000 0.000 0.000 0.000 0.000 0.000 0.000 0.000 0.000 0.000 0.000 0.000 0.000 0.000 0.000 0.000 0.000 0.000 0.000 0.000 0.000 0.000 0.000 0.000 0.000 0.000 0.000 0.000 0.000 0.000 0.000 0.000 0.000 0.000 0.000 0.000 0.000 0.000 0.000 0.000 0.000 0.000 0.000 0.000 0.000 0.000 0.000 0.000 0.000 0.000 0.000 0.000 0.000 0.000 0.000 0.000 0.000 0.000 0.000 0.000 0.000 0.000 0.000 0.000 0.000 0.000 0.000 0.000 0.000 0.000 0.000
24.089 22.256 19.219 24.300 23.486 23.498 20.017 18.320 19.431 18.061 14.012 14.466 15.656 12.665 8.786 11.372 8.234 5.293 0.000 5.305 5.299 6.047 8.060 9.263 10.119 12.294 13.440 17.292 21.929 23.725 23.787 27.368 23.239 26.903 30.290 28.626 23.194 23.508 19.376 22.020 21.920 16.879 16.885 20.107 17.227 12.867 16.229 18.337 13.743 12.373 17.551 17.329 12.633 15.227 19.750 18.248 17.110 14.139 10.512 13.303 11.491 11.283 12.667 15.335 14.369 16.997 15.862 15.025 20.626 21.318 22.729 18.972 22.168 21.346 16.176 16.838 20.535 16.893 13.617 18.609 20.009 15.771 15.333 15.482 21.003 20.463 17.922 19.755 17.545 13.021 13.742 12.756 8.839 10.546 11.066 5.761 7.453 12.013 15.071 15.246 9.976 13.404 9.840 6.401 6.058 9.946 9.710 14.939 14.498 19.831 0.000 0.000 0.000 0.000 0.000 0.000 0.000 0.000 0.000 0.000 0.000 0.000 0.000 0.000 0.000 0.000 0.000 0.000 0.000 0.000 0.000 0.000 0.000 0.000 0.000 0.000 0.000 0.000 0.000 0.000 0.000 0.000 0.000 0.000 0.000 0.000 0.000 0.000 0.000 0.000 0.000 0.000 0.000 0.000 0.000 0.000 0.000 0.000 0.000 0.000 0.000 0.000 0.000 0.000 0.000 0.000 0.000 0.000 0.000 0.000 0.000 0.000 0.000 0.000 0.000 0.000 0.000 0.000 0.000 0.000 0.000 0.000 0.000 0.000 0.000 0.000 0.000 0.000 0.000 0.000 0.000 0.000 0.000 0.000 0.000 0.000 0.000 0.000 0.000 0.000 0.000 0.000 0.000 0.000 0.000 0.000 0.000 0.000 0.000 0.000 0.000 0.000 0.000 0.000 0.000 0.000 0.000 0.000 0.000 0.000 0.000 0.000 0.000 0.000 0.000 0.000 0.000 0.000 0.000 0.000 0.000 0.000 0.000 0.000 0.000
20.103 17.995 15.906 21.304 20.790 21.599 17.613 15.509 17.952 17.140 12.151 13.182 15.948 13.138 8.458 12.472 10.885 8.275 5.305 0.000 4.722 7.189 5.046 6.162 9.671 10.902 9.906 14.918 18.904 21.546 22.414 25.428 20.709 23.577 27.356 25.092 20.033 19.779 15.938 17.647 17.804 13.274 12.304 15.269 13.095 8.236 10.983 13.597 9.734 7.432 12.787 13.530 9.502 11.473 15.997 15.601 15.032 12.560 8.737 11.959 8.626 11.034 11.593 15.674 15.380 16.545 14.708 12.315 18.005 17.804 18.615 14.782 17.374 17.026 12.058 11.797 15.603 12.647 8.625 13.462 15.460 11.880 10.811 12.351 17.415 17.682 15.659 18.168 15.224 11.046 13.637 13.382 8.534 11.549 9.355 4.516 9.231 11.413 14.548 13.056 7.756 9.790 7.681 5.524 4.981 10.417 10.730 14.809 16.293 21.007 0.000 0.000 0.000 0.000 0.000 0.000 0.000 0.000 0.000 0.000 0.000 0.000 0.000 0.000 0.000 0.000 0.000 0.000 0.000 0.000 0.000 0.000 0.000 0.000 0.000 0.000 0.000 0.000 0.000 0.000 0.000 0.000 0.000 0.000 0.000 0.000 0.000 0.000 0.000 0.000 0.000 0.000 0.000 0.000 0.000 0.000 0.000 0.000 0.000 0.000 0.000 0.000 0.000 0.000 0.000 0.000 0.000 0.000 0.000 0.000 0.000 0.000 0.000 0.000 0.000 0.000 0.000 0.000 0.000 0.000 0.000 0.000 0.000 0.000 0.000 0.000 0.000 0.000 0.000 0.000 0.000 0.000 0.000 0.000 0.000 0.000 0.000 0.000 0.000 0.000 0.000 0.000 0.000 0.000 0.000 0.000 0.000 0.000 0.000 0.000 0.000 0.000 0.000 0.000 0.000 0.000 0.000 0.000 0.000 0.000 0.000 0.000 0.000 0.000 0.000 0.000 0.000 0.000 0.000 0.000 0.000 0.000 0.000 0.000 0.000
19.643 18.740 15.946 21.298 21.596 21.211 16.947 16.241 18.280 16.055 11.652 13.980 15.439 11.370 8.188 13.001 11.575 7.314 5.299 4.722 0.000 4.894 5.859 4.338 5.773 8.899 9.024 12.531 17.400 19.735 19.510 22.650 18.259 21.921 25.089 23.423 18.031 18.378 14.337 17.330 17.039 11.793 12.495 15.982 13.015 8.890 13.262 15.361 11.195 10.809 16.083 16.116 12.640 15.659 19.645 18.625 18.721 15.376 12.445 16.243 13.319 15.005 15.296 18.757 18.667 20.529 19.120 16.928 22.630 22.464 23.101 19.066 21.385 21.397 16.622 15.627 19.285 16.545 12.071 16.170 18.228 14.372 12.154 11.855 17.155 16.067 12.984 15.613 13.965 8.705 11.029 9.263 5.127 9.063 8.560 4.731 8.925 11.722 16.096 14.464 9.971 13.599 11.649 9.293 8.606 13.979 13.000 17.986 18.138 22.947 0.000 0.000 0.000 0.000 0.000 0.000 0.000 0.000 0.000 0.000 0.000 0.000 0.000 0.000 0.000 0.000 0.000 0.000 0.000 0.000 0.000 0.000 0.000 0.000 0.000 0.000 0.000 0.000 0.000 0.000 0.000 0.000 0.000 0.000 0.000 0.000 0.000 0.000 0.000 0.000 0.000 0.000 0.000 0.000 0.000 0.000 0.000 0.000 0.000 0.000 0.000 0.000 0.000 0.000 0.000 0.000 0.000 0.000 0.000 0.000 0.000 0.000 0.000 0.000 0.000 0.000 0.000 0.000 0.000 0.000 0.000 0.000 0.000 0.000 0.000 0.000 0.000 0.000 0.000 0.000 0.000 0.000 0.000 0.000 0.000 0.000 0.000 0.000 0.000 0.000 0.000 0.000 0.000 0.000 0.000 0.000 0.000 0.000 0.000 0.000 0.000 0.000 0.000 0.000 0.000 0.000 0.000 0.000 0.000 0.000 0.000 0.000 0.000 0.000 0.000 0.000 0.000 0.000 0.000 0.000 0.000 0.000 0.000 0.000 0.000
20.068 18.628 14.671 19.407 19.091 18.181 14.724 14.015 14.770 12.419 8.878 10.502 10.909 6.949 4.340 8.747 8.120 3.648 6.047 7.189 4.894 0.000 5.441 7.276 5.555 6.696 9.769 12.467 17.060 18.120 18.153 22.100 18.516 22.551 26.082 25.144 19.243 20.931 17.653 20.382 18.853 13.951 15.631 17.893 13.756 10.951 15.394 15.914 10.793 11.943 16.662 15.100 11.474 15.715 19.024 16.729 17.170 13.005 11.357 15.977 14.673 15.995 17.855 21.114 19.872 22.077 19.808 18.739 24.349 24.070 24.326 19.717 22.889 23.506 18.419 17.523 22.037 19.728 15.246 19.375 22.090 18.601 16.284 16.547 21.620 20.316 16.562 19.763 18.675 13.155 15.372 12.377 9.491 13.126 13.441 9.075 12.424 16.220 20.172 19.078 14.118 16.975 14.384 11.192 8.447 13.431 10.412 15.767 14.867 19.337 0.000 0.000 0.000 0.000 0.000 0.000 0.000 0.000 0.000 0.000 0.000 0.000 0.000 0.000 0.000 0.000 0.000 0.000 0.000 0.000 0.000 0.000 0.000 0.000 0.000 0.000 0.000 0.000 0.000 0.000 0.000 0.000 0.000 0.000 0.000 0.000 0.000 0.000 0.000 0.000 0.000 0.000 0.000 0.000 0.000 0.000 0.000 0.000 0.000 0.000 0.000 0.000 0.000 0.000 0.000 0.000 0.000 0.000 0.000 0.000 0.000 0.000 0.000 0.000 0.000 0.000 0.000 0.000 0.000 0.000 0.000 0.000 0.000 0.000 0.000 0.000 0.000 0.000 0.000 0.000 0.000 0.000 0.000 0.000 0.000 0.000 0.000 0.000 0.000 0.000 0.000 0.000 0.000 0.000 0.000 0.000 0.000 0.000 0.000 0.000 0.000 0.000 0.000 0.000 0.000 0.000 0.000 0.000 0.000 0.000 0.000 0.000 0.000 0.000 0.000 0.000 0.000 0.000 0.000 0.000 0.000 0.000 0.000 0.000 0.000
16.573 14.272 11.280 16.527 16.140 16.583 12.643 10.790 13.230 12.224 7.118 8.879 11.804 9.071 4.706 9.904 10.306 7.616 8.060 5.046 5.859 5.441 0.000 5.311 7.395 6.435 6.474 11.278 14.850 16.924 18.314 21.630 17.298 20.270 24.489 22.784 17.263 18.336 15.485 16.915 15.519 11.333 11.851 13.378 9.760 6.513 10.240 10.776 5.828 6.636 11.293 10.382 7.272 11.172 14.345 13.067 13.970 10.414 8.640 13.542 11.475 14.624 16.180 20.380 19.440 20.471 17.533 15.521 20.942 19.903 19.561 14.844 17.673 18.835 14.028 12.364 17.154 15.696 10.908 14.653 18.018 15.413 12.756 14.634 19.122 18.856 15.832 19.583 17.558 12.634 16.317 14.521 10.527 14.729 12.805 8.765 13.639 15.943 19.491 17.414 12.519 13.750 12.249 9.960 6.859 12.556 10.424 14.425 15.655 19.576 0.000 0.000 0.000 0.000 0.000 0.000 0.000 0.000 0.000 0.000 0.000 0.000 0.000 0.000 0.000 0.000 0.000 0.000 0.000 0.000 0.000 0.000 0.000 0.000 0.000 0.000 0.000 0.000 0.000 0.000 0.000 0.000 0.000 0.000 0.000 0.000 0.000 0.000 0.000 0.000 0.000 0.000 0.000 0.000 0.000 0.000 0.000 0.000 0.000 0.000 0.000 0.000 0.000 0.000 0.000 0.000 0.000 0.000 0.000 0.000 0.000 0.000 0.000 0.000 0.000 0.000 0.000 0.000 0.000 0.000 0.000 0.000 0.000 0.000 0.000 0.000 0.000 0.000 0.000 0.000 0.000 0.000 0.000 0.000 0.000 0.000 0.000 0.000 0.000 0.000 0.000 0.000 0.000 0.000 0.000 0.000 0.000 0.000 0.000 0.000 0.000 0.000 0.000 0.000 0.000 0.000 0.000 0.000 0.000 0.000 0.000 0.000 0.000 0.000 0.000 0.000 0.000 0.000 0.000 0.000 0.000 0.000 0.000 0.000 0.000
15.521 15.007 12.864 18.399 19.424 19.251 14.447 14.123 17.199 14.989 10.203 13.603 15.833 11.832 9.011 14.619 14.388 10.453 9.263 6.162 4.338 7.276 5.311 0.000 5.474 7.491 5.183 9.303 13.769 16.861 17.104 19.673 14.816 17.969 21.384 19.410 14.146 14.381 10.773 13.296 12.734 7.618 8.528 11.791 8.961 5.016 9.962 11.923 8.627 8.953 13.749 14.174 12.038 14.924 18.248 17.874 18.846 15.650 13.334 17.505 14.062 17.166 17.061 21.172 21.406 22.469 20.586 17.548 23.039 22.074 21.953 17.819 19.386 20.218 15.974 13.633 17.275 15.673 10.494 13.481 16.372 13.438 9.713 10.141 14.677 13.748 10.571 14.321 12.715 7.545 11.898 10.256 6.523 11.284 8.989 7.062 12.146 13.284 17.781 14.806 11.066 13.611 13.047 11.567 10.524 16.296 15.151 19.434 20.464 24.711 0.000 0.000 0.000 0.000 0.000 0.000 0.000 0.000 0.000 0.000 0.000 0.000 0.000 0.000 0.000 0.000 0.000 0.000 0.000 0.000 0.000 0.000 0.000 0.000 0.000 0.000 0.000 0.000 0.000 0.000 0.000 0.000 0.000 0.000 0.000 0.000 0.000 0.000 0.000 0.000 0.000 0.000 0.000 0.000 0.000 0.000 0.000 0.000 0.000 0.000 0.000 0.000 0.000 0.000 0.000 0.000 0.000 0.000 0.000 0.000 0.000 0.000 0.000 0.000 0.000 0.000 0.000 0.000 0.000 0.000 0.000 0.000 0.000 0.000 0.000 0.000 0.000 0.000 0.000 0.000 0.000 0.000 0.000 0.000 0.000 0.000 0.000 0.000 0.000 0.000 0.000 0.000 0.000 0.000 0.000 0.000 0.000 0.000 0.000 0.000 0.000 0.000 0.000 0.000 0.000 0.000 0.000 0.000 0.000 0.000 0.000 0.000 0.000 0.000 0.000 0.000 0.000 0.000 0.000 0.000 0.000 0.000 0.000 0.000 0.000
16.795 16.964 13.340 18.169 19.424 17.767 13.391 14.425 16.117 12.482 9.197 13.112 13.444 8.480 8.098 13.408 13.617 9.108 10.119 9.671 5.773 5.555 7.395 5.474 0.000 5.133 7.224 8.007 13.306 14.912 13.965 17.404 13.660 18.051 20.999 20.315 14.412 16.410 13.388 16.810 14.970 9.860 12.954 15.472 11.284 9.518 14.764 15.250 11.133 13.228 17.692 16.600 14.437 18.523 21.352 19.716 21.063 16.949 15.616 20.377 18.026 20.232 20.952 24.509 24.147 26.005 24.000 21.873 27.496 26.732 26.536 21.975 24.127 25.254 20.701 18.546 22.600 20.957 15.858 18.848 21.822 18.676 14.984 14.310 18.765 16.567 12.074 15.938 15.977 10.218 13.358 9.389 7.912 12.460 12.522 10.292 14.134 16.628 21.462 19.207 15.348 18.594 17.155 14.761 12.837 18.369 15.707 20.705 20.223 24.322 0.000 0.000 0.000 0.000 0.000 0.000 0.000 0.000 0.000 0.000 0.000 0.000 0.000 0.000 0.000 0.000 0.000 0.000 0.000 0.000 0.000 0.000 0.000 0.000 0.000 0.000 0.000 0.000 0.000 0.000 0.000 0.000 0.000 0.000 0.000 0.000 0.000 0.000 0.000 0.000 0.000 0.000 0.000 0.000 0.000 0.000 0.000 0.000 0.000 0.000 0.000 0.000 0.000 0.000 0.000 0.000 0.000 0.000 0.000 0.000 0.000 0.000 0.000 0.000 0.000 0.000 0.000 0.000 0.000 0.000 0.000 0.000 0.000 0.000 0.000 0.000 0.000 0.000 0.000 0.000 0.000 0.000 0.000 0.000 0.000 0.000 0.000 0.000 0.000 0.000 0.000 0.000 0.000 0.000 0.000 0.000 0.000 0.000 0.000 0.000 0.000 0.000 0.000 0.000 0.000 0.000 0.000 0.000 0.000 0.000 0.000 0.000 0.000 0.000 0.000 0.000 0.000 0.000 0.000 0.000 0.000 0.000 0.000 0.000 0.000
14.216 13.393 8.898 13.416 14.360 12.749 8.545 9.525 11.146 7.728 4.228 8.859 9.647 5.553 5.967 11.118 13.040 9.764 12.294 10.902 8.899 6.696 6.435 7.491 5.133 0.000 5.812 6.769 10.657 11.477 12.234 16.117 12.739 16.614 20.570 20.107 14.027 17.050 15.261 17.332 14.240 10.332 13.516 14.174 9.039 9.046 13.704 12.406 7.980 11.804 15.178 12.876 11.707 16.422 18.154 16.021 18.268 13.913 14.032 19.384 17.873 20.798 22.422 26.407 25.389 26.787 23.750 21.923 27.259 25.896 24.924 19.925 22.396 24.468 20.020 17.401 22.164 21.480 16.279 18.876 22.766 20.456 16.525 17.338 21.255 19.706 15.397 19.984 19.620 14.137 18.065 14.463 12.413 17.119 16.235 13.305 17.795 20.269 24.628 22.172 17.867 19.755 18.487 16.033 12.773 18.154 14.460 18.654 18.597 21.768 0.000 0.000 0.000 0.000 0.000 0.000 0.000 0.000 0.000 0.000 0.000 0.000 0.000 0.000 0.000 0.000 0.000 0.000 0.000 0.000 0.000 0.000 0.000 0.000 0.000 0.000 0.000 0.000 0.000 0.000 0.000 0.000 0.000 0.000 0.000 0.000 0.000 0.000 0.000 0.000 0.000 0.000 0.000 0.000 0.000 0.000 0.000 0.000 0.000 0.000 0.000 0.000 0.000 0.000 0.000 0.000 0.000 0.000 0.000 0.000 0.000 0.000 0.000 0.000 0.000 0.000 0.000 0.000 0.000 0.000 0.000 0.000 0.000 0.000 0.000 0.000 0.000 0.000 0.000 0.000 0.000 0.000 0.000 0.000 0.000 0.000 0.000 0.000 0.000 0.000 0.000 0.000 0.000 0.000 0.000 0.000 0.000 0.000 0.000 0.000 0.000 0.000 0.000 0.000 0.000 0.000 0.000 0.000 0.000 0.000 0.000 0.000 0.000 0.000 0.000 0.000 0.000 0.000 0.000 0.000 0.000 0.000 0.000 0.000 0.000
